43646 1 5 10 1 0.037 0.207 0.489 0.992 0.749 228.955 1 242.005 30.927 0 0.733
43646 2 5 10 1 0.037 0.207 0.489 0.992 0.749 229.177 1 243.856 33.693 0 0.707
43646 3 5 10 1 0.037 0.207 0.489 0.992 0.749 236.479 1 246.466 29.107 0 0.7
43646 4 5 10 1 0.037 0.207 0.489 0.992 0.749 229.446 0 241.825 27.893 0 0.7
43646 5 5 10 1 0.037 0.207 0.489 0.992 0.749 236.261 1 245.806 33.433 0 0.773
43646 6 5 10 1 0.037 0.207 0.489 0.992 0.749 230.662 3 245.008 33.48 0 0.693
43646 7 5 10 1 0.037 0.207 0.489 0.992 0.749 236.623 1 245.153 35.26 0 0.733
43646 8 5 10 1 0.037 0.207 0.489 0.992 0.749 231.213 1 244.958 29.747 0 0.727
43646 9 5 10 1 0.037 0.207 0.489 0.992 0.749 233.155 2 244.485 32.94 0 0.707
43646 1 5 7 0 0.068 0.108 0.417 0.752 0.281 0 17 0.352 21.873 1 0
43646 2 5 7 0 0.068 0.108 0.417 0.752 0.281 0 12 0.094 12.74 1 0
43646 3 5 7 0 0.068 0.108 0.417 0.752 0.281 0.597 16 1.599 31.453 1 0
43646 4 5 7 0 0.068 0.108 0.417 0.752 0.281 0.546 14 1.521 28.313 1 0
43646 5 5 7 0 0.068 0.108 0.417 0.752 0.281 0.746 14 1.815 28.68 1 0
43646 6 5 7 0 0.068 0.108 0.417 0.752 0.281 0.696 14 1.87 29.787 1 0
43646 7 5 7 0 0.068 0.108 0.417 0.752 0.281 0.497 6 1.16 19.893 1 0.047
43646 8 5 7 0 0.068 0.108 0.417 0.752 0.281 0.795 14 1.445 25.627 1 0
43646 9 5 7 0 0.068 0.108 0.417 0.752 0.281 0.944 13 1.971 27.793 1 0
43646 10 5 7 0 0.068 0.108 0.417 0.752 0.281 1.241 5 2.981 22.9 0.973 0.247
43646 1 5 7 0 0.085 0.493 0.202 0.902 0.908 0 7 0.144 7 1 1
43646 2 5 7 0 0.085 0.493 0.202 0.902 0.908 0.198 8 1.571 20.967 1 0.047
43646 3 5 7 0 0.085 0.493 0.202 0.902 0.908 1.938 7 3.673 26.74 0.913 0.067
43646 4 5 7 0 0.085 0.493 0.202 0.902 0.908 0.53 12 1.911 30.02 1 0
43646 5 5 7 0 0.085 0.493 0.202 0.902 0.908 0.697 12 1.668 25.1 1 0
43646 6 5 7 0 0.085 0.493 0.202 0.902 0.908 0.945 8 1.832 25.48 1 0.08
43646 7 5 7 0 0.085 0.493 0.202 0.902 0.908 0.05 10 0.746 15.38 1 0
43646 8 5 7 0 0.085 0.493 0.202 0.902 0.908 0 7 0.011 7 1 1
43646 9 5 7 0 0.085 0.493 0.202 0.902 0.908 0 12 0.138 12.18 1 0
43646 1 5 9 1 0.036 0.124 0.44 0.874 0.76 230.113 2 243.044 27.433 0 0.72
43646 2 5 9 1 0.036 0.124 0.44 0.874 0.76 228.402 2 243.672 31.973 0 0.72
43646 3 5 9 1 0.036 0.124 0.44 0.874 0.76 227.203 0 243.563 28.18 0 0.733
43646 4 5 9 1 0.036 0.124 0.44 0.874 0.76 232.819 0 244.601 26.873 0 0.72
43646 5 5 9 1 0.036 0.124 0.44 0.874 0.76 234.128 5 244.455 31.627 0 0.707
43646 6 5 9 1 0.036 0.124 0.44 0.874 0.76 233.848 2 244.116 32.633 0 0.793
43646 7 5 9 1 0.036 0.124 0.44 0.874 0.76 232.092 2 243.922 28.98 0 0.693
43646 8 5 9 1 0.036 0.124 0.44 0.874 0.76 231.944 3 244.66 35.633 0 0.693
43646 9 5 9 1 0.036 0.124 0.44 0.874 0.76 235.102 1 245.063 28.413 0 0.773
43646 10 5 9 1 0.036 0.124 0.44 0.874 0.76 235.598 2 244.414 30.287 0 0.687
43646 1 5 9 1 0.105 0.249 0.142 0.987 0.992 230.547 0 243.849 30.68 0 0.707
43646 2 5 9 1 0.105 0.249 0.142 0.987 0.992 230.409 4 245.154 35.993 0 0.753
43646 3 5 9 1 0.105 0.249 0.142 0.987 0.992 228.613 2 243.784 33.407 0 0.707
43646 4 5 9 1 0.105 0.249 0.142 0.987 0.992 233.51 0 243.492 28.16 0 0.693
43646 5 5 9 1 0.105 0.249 0.142 0.987 0.992 217.39 3 237.359 31 0 0.713
43646 1 5 7 1 0.11 0.384 0.208 0.777 0.254 241.968 883 246.533 1094.793 0 0
43646 2 5 7 1 0.11 0.384 0.208 0.777 0.254 242.204 967 247.291 1290.44 0 0
43646 3 5 7 1 0.11 0.384 0.208 0.777 0.254 241.977 867 246.428 1072.493 0 0
43646 4 5 7 1 0.11 0.384 0.208 0.777 0.254 242.991 1039 246.901 1248.48 0 0
43646 5 5 7 1 0.11 0.384 0.208 0.777 0.254 241.551 735 245.859 1002.473 0 0
43646 6 5 7 1 0.11 0.384 0.208 0.777 0.254 241.933 904 246.88 1148.753 0 0
43646 7 5 7 1 0.11 0.384 0.208 0.777 0.254 243.123 1035 247.197 1226.7 0 0
43646 8 5 7 1 0.11 0.384 0.208 0.777 0.254 234.342 843 245.397 1043.753 0 0
43646 9 5 7 1 0.11 0.384 0.208 0.777 0.254 241.005 805 245.669 1014.947 0 0
43646 10 5 7 1 0.11 0.384 0.208 0.777 0.254 242.546 928 246.403 1129.187 0 0
43646 1 5 7 1 0.068 0.008 0.177 0.77 0.02 74.596 131 80.26 215.133 0 0
43646 2 5 7 1 0.068 0.008 0.177 0.77 0.02 96.917 157 101.32 316.367 0 0
43646 3 5 7 1 0.068 0.008 0.177 0.77 0.02 75.32 98 82.481 183.667 0 0
43646 1 5 5 0 0.075 0.131 0.058 0.93 0.747 0 8 0.112 8 1 1
43646 2 5 5 0 0.075 0.131 0.058 0.93 0.747 0.846 18 1.944 30.773 1 0
43646 3 5 5 0 0.075 0.131 0.058 0.93 0.747 0.647 14 1.501 30.907 1 0
43646 4 5 5 0 0.075 0.131 0.058 0.93 0.747 0.647 13 1.391 29.467 1 0
43646 5 5 5 0 0.075 0.131 0.058 0.93 0.747 0 10 0.092 10 1 0
43646 6 5 5 0 0.075 0.131 0.058 0.93 0.747 0 12 0.108 12 1 0
43646 7 5 5 0 0.075 0.131 0.058 0.93 0.747 0.895 13 2.097 31.74 1 0
43646 8 5 5 0 0.075 0.131 0.058 0.93 0.747 0.845 11 1.804 27.553 1 0
43646 9 5 5 0 0.075 0.131 0.058 0.93 0.747 0.547 10 1.684 25.447 1 0
43646 10 5 5 0 0.075 0.131 0.058 0.93 0.747 0.1 12 1.48 22.967 1 0
43646 1 5 5 0 0.083 0.264 0.271 0.867 0.525 0 13 0.176 13 1 0
43646 2 5 5 0 0.083 0.264 0.271 0.867 0.525 0.448 19 1.879 31.167 1 0
43646 3 5 5 0 0.083 0.264 0.271 0.867 0.525 1.694 10 3.177 34.08 0.96 0
43646 4 5 5 0 0.083 0.264 0.271 0.867 0.525 0 10 0.063 10 1 0
43646 5 5 5 0 0.083 0.264 0.271 0.867 0.525 0.895 9 2.241 27.013 1 0.007
43646 6 5 5 0 0.083 0.264 0.271 0.867 0.525 0.646 13 1.806 33.827 1 0
43646 7 5 5 0 0.083 0.264 0.271 0.867 0.525 0.497 9 1.568 24.947 1 0.053
43646 8 5 5 0 0.083 0.264 0.271 0.867 0.525 0.199 18 1.12 27.773 1 0
43646 9 5 5 0 0.083 0.264 0.271 0.867 0.525 0.1 12 0.607 15.78 1 0
43646 10 5 5 0 0.083 0.264 0.271 0.867 0.525 0 10 0.064 10 1 0
43646 1 5 5 0 0.014 0.33 0.395 0.789 0.521 0.448 13 1.622 28.22 1 0
43646 1 5 5 0 0.06 0.061 0.069 0.911 0.609 0.746 14 1.63 31.08 1 0
43646 2 5 5 0 0.06 0.061 0.069 0.911 0.609 1.094 12 1.911 26.627 1 0
43646 3 5 5 0 0.06 0.061 0.069 0.911 0.609 0.746 16 1.858 32.233 1 0
43646 4 5 5 0 0.06 0.061 0.069 0.911 0.609 0.547 14 1.419 26.667 1 0
43646 5 5 5 0 0.06 0.061 0.069 0.911 0.609 0.497 9 2.012 25.387 1 0.007
43646 6 5 5 0 0.06 0.061 0.069 0.911 0.609 0.498 10 1.775 25.893 1 0
43646 7 5 5 0 0.06 0.061 0.069 0.911 0.609 0 4 0.047 4 1 1
43646 8 5 5 0 0.06 0.061 0.069 0.911 0.609 0.05 10 0.169 10 1 0
43646 9 5 5 0 0.06 0.061 0.069 0.911 0.609 1.739 8 2.746 27.527 0.993 0.04
43646 10 5 5 0 0.06 0.061 0.069 0.911 0.609 0 10 0.125 10 1 0
43646 1 5 5 0 0.037 0.341 0.144 0.818 0.967 0.348 12 1.052 23.213 1 0
43646 2 5 5 0 0.037 0.341 0.144 0.818 0.967 0 14 0.215 14 1 0
43646 3 5 5 0 0.037 0.341 0.144 0.818 0.967 0.249 12 0.907 22.153 1 0
43646 4 5 5 0 0.037 0.341 0.144 0.818 0.967 0.299 8 1.581 22.84 1 0.053
43646 5 5 5 0 0.037 0.341 0.144 0.818 0.967 0.398 14 1.233 25.6 1 0
43646 6 5 5 0 0.037 0.341 0.144 0.818 0.967 0.647 11 1.766 28.767 1 0
43646 7 5 5 0 0.037 0.341 0.144 0.818 0.967 0.348 14 1.127 24.793 1 0
43646 8 5 5 0 0.037 0.341 0.144 0.818 0.967 1.492 10 2.565 27.027 1 0
43646 9 5 5 0 0.037 0.341 0.144 0.818 0.967 1.094 8 1.976 25.6 1 0.027
43646 10 5 5 0 0.037 0.341 0.144 0.818 0.967 0.697 10 2.169 28.993 1 0
43646 1 5 5 0 0.112 0.021 0.158 0.839 0.526 0 7 0.024 7 1 1
43646 2 5 5 0 0.112 0.021 0.158 0.839 0.526 0 14 0.011 14 1 0
43646 3 5 5 0 0.112 0.021 0.158 0.839 0.526 0.348 10 1.261 21.907 1 0
43646 1 5 4 1 0.036 0.365 0.078 0.834 0.13 243.505 1325 247.862 1721.907 0 0
43646 2 5 4 1 0.036 0.365 0.078 0.834 0.13 245.198 1434 248.584 1760.167 0 0
43646 3 5 4 1 0.036 0.365 0.078 0.834 0.13 244.605 1621 248.693 1967.767 0 0
43646 4 5 4 1 0.036 0.365 0.078 0.834 0.13 245.694 1457 248.432 1693.02 0 0
43646 5 5 4 1 0.036 0.365 0.078 0.834 0.13 245.178 1357 248.174 1643.027 0 0
43646 6 5 4 1 0.036 0.365 0.078 0.834 0.13 245.016 1586 248.396 1887.307 0 0
43646 7 5 4 1 0.036 0.365 0.078 0.834 0.13 245.122 1628 248.676 1832.793 0 0
43646 8 5 4 1 0.036 0.365 0.078 0.834 0.13 245.118 1448 248.324 1698.867 0 0
43646 9 5 4 1 0.036 0.365 0.078 0.834 0.13 243.437 1205 247.608 1466.773 0 0
43646 10 5 4 1 0.036 0.365 0.078 0.834 0.13 245.383 1305 248.367 1695.147 0 0
43646 1 5 4 1 0.074 0.34 0.49 0.758 0.192 29.614 60 32.735 126.787 0 0
43646 2 5 4 1 0.074 0.34 0.49 0.758 0.192 56.822 79 59.642 159.947 0 0
43646 3 5 4 1 0.074 0.34 0.49 0.758 0.192 49.476 103 56.444 193.68 0 0
43646 4 5 4 1 0.074 0.34 0.49 0.758 0.192 3.702 14 9.412 62.687 0.153 0
43646 5 5 4 1 0.074 0.34 0.49 0.758 0.192 16.216 22 20.121 55.867 0 0
43646 1 5 9 1 0.111 0.404 0.425 0.844 0.635 226.109 5 240.464 35.453 0 0.673
43646 2 5 9 1 0.111 0.404 0.425 0.844 0.635 239.342 0 245.896 26.2 0 0.68
43646 3 5 9 1 0.111 0.404 0.425 0.844 0.635 235.127 2 244.897 30.967 0 0.72
43646 4 5 9 1 0.111 0.404 0.425 0.844 0.635 236.785 3 244.983 33.467 0 0.707
43646 5 5 9 1 0.111 0.404 0.425 0.844 0.635 231.094 0 243.442 29.22 0 0.727
43646 6 5 9 1 0.111 0.404 0.425 0.844 0.635 230.922 2 244.206 35.393 0 0.76
43646 7 5 9 1 0.111 0.404 0.425 0.844 0.635 234.069 2 244.816 34.173 0 0.713
43646 8 5 9 1 0.111 0.404 0.425 0.844 0.635 236.735 3 243.508 29.447 0 0.687
43646 9 5 9 1 0.111 0.404 0.425 0.844 0.635 232.864 1 244.291 34.373 0 0.713
43646 10 5 9 1 0.111 0.404 0.425 0.844 0.635 229.458 1 243.893 35.767 0 0.707
43646 1 5 5 0 0.093 0.388 0.414 1 0.153 104.241 6 111.058 287.987 0 0.047
43646 2 5 5 0 0.093 0.388 0.414 1 0.153 70.571 7 79.974 201.913 0 0.087
43646 3 5 5 0 0.093 0.388 0.414 1 0.153 138.942 4 146.131 392.56 0 0.087
43646 4 5 5 0 0.093 0.388 0.414 1 0.153 148.393 10 160.306 599.753 0 0
43646 5 5 5 0 0.093 0.388 0.414 1 0.153 103.304 3 111.643 268.14 0 0.16
43646 6 5 5 0 0.093 0.388 0.414 1 0.153 161.257 12 170.942 596.573 0 0
43646 7 5 5 0 0.093 0.388 0.414 1 0.153 111.649 31 121.786 431.6 0 0
43646 8 5 5 0 0.093 0.388 0.414 1 0.153 80.74 6 93.661 191.313 0 0.107
43646 9 5 5 0 0.093 0.388 0.414 1 0.153 107.544 4 121.581 310.987 0 0.22
43646 10 5 5 0 0.093 0.388 0.414 1 0.153 144.082 22 160.696 471.26 0 0
43646 1 5 7 0 0.105 0.183 0.11 0.954 0.452 28.706 15 32.299 130.887 0 0
43646 2 5 7 0 0.105 0.183 0.11 0.954 0.452 0 6 0.105 6 1 1
43646 3 5 7 0 0.105 0.183 0.11 0.954 0.452 5.065 10 10.671 57.613 0 0
43646 4 5 7 0 0.105 0.183 0.11 0.954 0.452 0.895 15 1.609 27.727 1 0
43646 5 5 7 0 0.105 0.183 0.11 0.954 0.452 32.797 8 37.487 103.087 0 0.06
43646 6 5 7 0 0.105 0.183 0.11 0.954 0.452 0 9 0.068 9 1 1
43646 7 5 7 0 0.105 0.183 0.11 0.954 0.452 0 8 0.053 8 1 1
43646 8 5 7 0 0.105 0.183 0.11 0.954 0.452 0.348 9 2.094 28.533 1 0.007
43646 9 5 7 0 0.105 0.183 0.11 0.954 0.452 0.895 8 1.95 26.24 1 0.027
43646 10 5 7 0 0.105 0.183 0.11 0.954 0.452 29.272 12 35.551 113.567 0 0
43646 1 5 7 0 0.021 0.186 0.484 0.949 0.752 0 6 0.086 6 1 1
43646 2 5 7 0 0.021 0.186 0.484 0.949 0.752 0.448 12 1.524 24.653 1 0
43646 1 5 9 1 0.035 0.472 0.044 0.871 0.197 246.777 2314 249.363 2939.447 0 0
43646 2 5 9 1 0.035 0.472 0.044 0.871 0.197 248.076 2712 249.62 3262.64 0 0
43646 3 5 9 1 0.035 0.472 0.044 0.871 0.197 247.656 2541 249.505 2972.467 0 0
43646 4 5 9 1 0.035 0.472 0.044 0.871 0.197 247.697 2448 249.446 2889.827 0 0
43646 5 5 9 1 0.035 0.472 0.044 0.871 0.197 247.346 2672 249.533 3212.18 0 0
43646 6 5 9 1 0.035 0.472 0.044 0.871 0.197 246.708 2551 249.528 2977.113 0 0
43646 7 5 9 1 0.035 0.472 0.044 0.871 0.197 247.976 2644 249.45 3120.867 0 0
43646 1 5 9 1 0.097 0.119 0.304 0.896 0.414 233.181 7 243.728 38.36 0 0.673
43646 2 5 9 1 0.097 0.119 0.304 0.896 0.414 233.975 2 244.825 30.82 0 0.76
43646 3 5 9 1 0.097 0.119 0.304 0.896 0.414 235.438 2 243.367 33.647 0 0.713
43646 4 5 9 1 0.097 0.119 0.304 0.896 0.414 237.856 2 245.36 33.727 0 0.74
43646 5 5 9 1 0.097 0.119 0.304 0.896 0.414 236.802 1 242.996 30.347 0 0.66
43646 6 5 9 1 0.097 0.119 0.304 0.896 0.414 0 2 0 2 1 1
43646 7 5 9 1 0.097 0.119 0.304 0.896 0.414 177.117 5 201.444 28.907 0 0.58
43646 8 5 9 1 0.097 0.119 0.304 0.896 0.414 0 9 0.093 9 1 1
43646 9 5 9 1 0.097 0.119 0.304 0.896 0.414 206.014 4 221 27.593 0 0.667
43646 10 5 9 1 0.097 0.119 0.304 0.896 0.414 0 12 0.066 12 1 0
43646 1 5 9 1 0.023 0.051 0.478 0.97 0.987 233.747 2 244.77 33.667 0 0.72
43646 2 5 9 1 0.023 0.051 0.478 0.97 0.987 227.406 1 244.546 29.987 0 0.707
43646 3 5 9 1 0.023 0.051 0.478 0.97 0.987 232.755 3 245.395 35.08 0 0.687
43646 4 5 9 1 0.023 0.051 0.478 0.97 0.987 235.467 1 244.9 26.48 0 0.687
43646 5 5 9 1 0.023 0.051 0.478 0.97 0.987 238.595 3 245.762 29.54 0 0.72
43646 6 5 9 1 0.023 0.051 0.478 0.97 0.987 235.394 1 244.686 32.32 0 0.74
43646 7 5 9 1 0.023 0.051 0.478 0.97 0.987 227.017 2 244.493 38.52 0 0.72
43646 8 5 9 1 0.023 0.051 0.478 0.97 0.987 228.462 0 242.193 29.287 0 0.673
43646 1 5 5 1 0.087 0.214 0.491 0.759 0.74 0.696 6 1.708 20.307 1 0.073
43646 2 5 5 1 0.087 0.214 0.491 0.759 0.74 1.591 13 2.653 29.627 1 0
43646 3 5 5 1 0.087 0.214 0.491 0.759 0.74 0.398 13 1.836 29.04 1 0
43646 4 5 5 1 0.087 0.214 0.491 0.759 0.74 0.442 15 1.632 31.647 1 0
43646 5 5 5 1 0.087 0.214 0.491 0.759 0.74 0.697 11 1.535 27.367 1 0
43646 6 5 5 1 0.087 0.214 0.491 0.759 0.74 0.398 12 1.606 29.547 1 0
43646 7 5 5 1 0.087 0.214 0.491 0.759 0.74 0 13 0.044 13 1 0
43646 8 5 5 1 0.087 0.214 0.491 0.759 0.74 1.094 9 1.9 27.487 1 0.007
43646 9 5 5 1 0.087 0.214 0.491 0.759 0.74 0 12 0.223 12 1 0
43646 10 5 5 1 0.087 0.214 0.491 0.759 0.74 0.796 18 1.708 31.753 1 0
43646 1 5 5 1 0.056 0.201 0.061 0.753 0.476 160.272 278 169.63 445.893 0 0
43646 2 5 5 1 0.056 0.201 0.061 0.753 0.476 180.85 194 187.55 458.093 0 0
43646 3 5 5 1 0.056 0.201 0.061 0.753 0.476 154.788 295 169.638 455.433 0 0
43646 4 5 5 1 0.056 0.201 0.061 0.753 0.476 145.294 186 153.766 409.04 0 0
43646 5 5 5 1 0.056 0.201 0.061 0.753 0.476 144.779 246 150.762 392.76 0 0
43646 6 5 5 1 0.056 0.201 0.061 0.753 0.476 126.895 156 134.807 319.573 0 0
43646 7 5 5 1 0.056 0.201 0.061 0.753 0.476 160.794 296 167.373 445.807 0 0
43646 8 5 5 1 0.056 0.201 0.061 0.753 0.476 152.381 215 158.677 392.233 0 0
43646 1 5 8 1 0.055 0.185 0.157 0.783 0.808 0.697 11 1.545 26.767 1 0
43646 2 5 8 1 0.055 0.185 0.157 0.783 0.808 0.647 14 2.282 27.32 1 0
43646 3 5 8 1 0.055 0.185 0.157 0.783 0.808 0.05 13 0.281 13.487 1 0
43646 4 5 8 1 0.055 0.185 0.157 0.783 0.808 0.299 9 0.916 20.26 1 0.007
43646 5 5 8 1 0.055 0.185 0.157 0.783 0.808 0.447 12 1.712 25.387 1 0
43646 6 5 8 1 0.055 0.185 0.157 0.783 0.808 0.497 12 1.678 29.7 1 0
43646 7 5 8 1 0.055 0.185 0.157 0.783 0.808 0.05 11 1.32 22.013 1 0
43646 8 5 8 1 0.055 0.185 0.157 0.783 0.808 0.498 13 1.714 29.307 1 0
43646 9 5 8 1 0.055 0.185 0.157 0.783 0.808 0.05 12 0.856 20.893 1 0
43646 10 5 8 1 0.055 0.185 0.157 0.783 0.808 23.022 9 49.085 24.347 0 0.06
43646 1 5 8 1 0.074 0.186 0.218 0.877 0.082 245.318 1473 248.322 1768.78 0 0
43646 2 5 8 1 0.074 0.186 0.218 0.877 0.082 245.176 1547 249.013 2074.147 0 0
43646 3 5 8 1 0.074 0.186 0.218 0.877 0.082 245.376 1411 248.376 1924.7 0 0
43646 4 5 8 1 0.074 0.186 0.218 0.877 0.082 246.217 2026 248.964 2335.493 0 0
43646 5 5 8 1 0.074 0.186 0.218 0.877 0.082 245.483 1498 248.682 1827.673 0 0
43646 6 5 8 1 0.074 0.186 0.218 0.877 0.082 246.309 1463 248.805 1777.58 0 0
43646 7 5 8 1 0.074 0.186 0.218 0.877 0.082 244.766 1457 248.592 1726.527 0 0
43646 1 5 3 0 0.023 0.167 0.467 0.891 0.896 0.695 13 2.226 32.38 1 0
43646 2 5 3 0 0.023 0.167 0.467 0.891 0.896 1.682 14 3.105 34.713 1 0
43646 3 5 3 0 0.023 0.167 0.467 0.891 0.896 1.639 10 2.902 31.42 0.987 0
43646 4 5 3 0 0.023 0.167 0.467 0.891 0.896 1.492 19 2.435 35.88 1 0
43646 5 5 3 0 0.023 0.167 0.467 0.891 0.896 0.697 18 2.172 32.373 1 0
43646 6 5 3 0 0.023 0.167 0.467 0.891 0.896 0.796 16 1.744 29.587 1 0
43646 7 5 3 0 0.023 0.167 0.467 0.891 0.896 1.093 10 2.783 34.72 0.98 0
43646 8 5 3 0 0.023 0.167 0.467 0.891 0.896 0.795 18 2.567 34.387 0.98 0
43646 9 5 3 0 0.023 0.167 0.467 0.891 0.896 0.697 9 2.92 32.607 0.973 0.027
43646 10 5 3 0 0.023 0.167 0.467 0.891 0.896 1.591 10 3.383 32.24 0.98 0
43646 1 5 3 0 0.095 0.072 0.289 0.771 0.591 1.244 8 2.793 34.573 1 0.007
43646 2 5 3 0 0.095 0.072 0.289 0.771 0.591 1.144 17 3.461 39 0.66 0
43646 3 5 3 0 0.095 0.072 0.289 0.771 0.591 1.143 11 2.741 32.073 1 0
43646 4 5 3 0 0.095 0.072 0.289 0.771 0.591 1.63 17 2.85 36.533 1 0
43646 5 5 3 0 0.095 0.072 0.289 0.771 0.591 0.895 18 2.179 36.233 1 0
43646 6 5 3 0 0.095 0.072 0.289 0.771 0.591 0.547 13 1.403 26.98 1 0
43646 7 5 3 0 0.095 0.072 0.289 0.771 0.591 0.987 10 1.849 26.807 1 0
43646 8 5 3 0 0.095 0.072 0.289 0.771 0.591 1.193 13 2.352 29.433 1 0
43646 9 5 3 0 0.095 0.072 0.289 0.771 0.591 0.795 16 2.219 36.3 1 0
43646 10 5 3 0 0.095 0.072 0.289 0.771 0.591 0 13 0.709 19.793 1 0
43646 1 5 3 0 0.014 0.322 0.147 0.79 0.662 0.547 14 1.708 32.687 1 0
43646 1 5 10 0 0.1 0.117 0.004 0.908 0.693 221.991 1 235.874 39.233 0 0.607
43646 2 5 10 0 0.1 0.117 0.004 0.908 0.693 230.446 3 243.439 43.787 0 0.64
43646 3 5 10 0 0.1 0.117 0.004 0.908 0.693 224.606 3 240.267 50.4 0 0.593
43646 4 5 10 0 0.1 0.117 0.004 0.908 0.693 228.311 4 238.637 49.253 0 0.573
43646 5 5 10 0 0.1 0.117 0.004 0.908 0.693 208.417 4 225.934 51.987 0 0.427
43646 6 5 10 0 0.1 0.117 0.004 0.908 0.693 220.793 1 238.496 47.72 0 0.553
43646 7 5 10 0 0.1 0.117 0.004 0.908 0.693 220.897 2 237.55 44.98 0 0.6
43646 8 5 10 0 0.1 0.117 0.004 0.908 0.693 222.933 9 239.054 61.793 0 0.22
43646 9 5 10 0 0.1 0.117 0.004 0.908 0.693 227.208 5 241.287 49.693 0 0.46
43646 10 5 10 0 0.1 0.117 0.004 0.908 0.693 224.789 1 240.038 59.14 0 0.547
43646 1 5 10 0 0.038 0.198 0.318 0.767 0.334 229.079 1 238.187 92.953 0 0.44
43646 2 5 10 0 0.038 0.198 0.318 0.767 0.334 231.451 1 241.332 103.367 0 0.493
43646 3 5 10 0 0.038 0.198 0.318 0.767 0.334 221.344 1 232.777 96.073 0 0.433
43646 4 5 10 0 0.038 0.198 0.318 0.767 0.334 226.824 0 238.931 98.647 0 0.473
43646 5 5 10 0 0.038 0.198 0.318 0.767 0.334 227.739 1 241.174 113.927 0 0.433
43646 6 5 10 0 0.038 0.198 0.318 0.767 0.334 223.335 2 234.68 107.34 0 0.453
43646 7 5 10 0 0.038 0.198 0.318 0.767 0.334 222.149 1 234.686 94.967 0 0.34
43646 8 5 10 0 0.038 0.198 0.318 0.767 0.334 220.973 1 234.797 97.267 0 0.42
43646 1 5 5 1 0.062 0.247 0.435 0.916 0.192 33.139 63 35.89 119.173 0 0
43646 2 5 5 1 0.062 0.247 0.435 0.916 0.192 48.995 96 52.833 165.22 0 0
43646 3 5 5 1 0.062 0.247 0.435 0.916 0.192 37.043 67 40.355 136.033 0 0
43646 4 5 5 1 0.062 0.247 0.435 0.916 0.192 48.828 64 51.933 151.44 0 0
43646 5 5 5 1 0.062 0.247 0.435 0.916 0.192 45.839 66 49.453 140.973 0 0
43646 6 5 5 1 0.062 0.247 0.435 0.916 0.192 35.514 59 38.712 163.76 0 0
43646 7 5 5 1 0.062 0.247 0.435 0.916 0.192 52.088 88 55.673 168.913 0 0
43646 8 5 5 1 0.062 0.247 0.435 0.916 0.192 27.256 48 30.866 108.433 0 0
43646 9 5 5 1 0.062 0.247 0.435 0.916 0.192 38.161 75 41.651 145.213 0 0
43646 10 5 5 1 0.062 0.247 0.435 0.916 0.192 19.467 29 25.737 77.067 0 0
43646 1 5 5 1 0.049 0.103 0.409 0.797 0.609 0.746 9 1.763 26.573 1 0.013
43646 2 5 5 1 0.049 0.103 0.409 0.797 0.609 0 14 0.081 14 1 0
43646 1 5 6 1 0.047 0.246 0.192 0.969 0.815 0.398 12 1.443 22.94 1 0
43646 2 5 6 1 0.047 0.246 0.192 0.969 0.815 0 10 0.144 11.56 1 0
43646 3 5 6 1 0.047 0.246 0.192 0.969 0.815 0 14 0.139 14.44 1 0
43646 4 5 6 1 0.047 0.246 0.192 0.969 0.815 0 7 0.086 7 1 1
43646 5 5 6 1 0.047 0.246 0.192 0.969 0.815 0.05 10 1.181 22.733 1 0
43646 6 5 6 1 0.047 0.246 0.192 0.969 0.815 0.05 11 0.837 17.373 1 0
43646 7 5 6 1 0.047 0.246 0.192 0.969 0.815 0.646 14 1.701 30.453 1 0
43646 8 5 6 1 0.047 0.246 0.192 0.969 0.815 0.597 13 1.706 26.9 1 0
43646 9 5 6 1 0.047 0.246 0.192 0.969 0.815 0.498 10 1.276 23.973 1 0
43646 10 5 6 1 0.047 0.246 0.192 0.969 0.815 0 9 0.093 9 1 1
43646 1 5 6 1 0.009 0.011 0.128 0.955 0.43 0 10 0.04 10 1 0
43646 2 5 6 1 0.009 0.011 0.128 0.955 0.43 0.697 16 2.175 35.74 1 0
43646 3 5 6 1 0.009 0.011 0.128 0.955 0.43 0 8 0.051 8 1 1
43646 4 5 6 1 0.009 0.011 0.128 0.955 0.43 0 11 0.119 14.5 1 0
43646 5 5 6 1 0.009 0.011 0.128 0.955 0.43 0.647 11 1.553 25.96 1 0
43646 1 5 6 0 0.104 0.134 0.259 0.92 0.561 0.796 12 1.754 27.813 1 0
43646 2 5 6 0 0.104 0.134 0.259 0.92 0.561 0 9 0.168 9.82 1 0.873
43646 3 5 6 0 0.104 0.134 0.259 0.92 0.561 0 8 0.246 12.307 1 0.427
43646 4 5 6 0 0.104 0.134 0.259 0.92 0.561 0 10 0.096 10 1 0
43646 5 5 6 0 0.104 0.134 0.259 0.92 0.561 0.398 12 1.149 22.42 1 0
43646 6 5 6 0 0.104 0.134 0.259 0.92 0.561 0.348 9 1.254 22.613 1 0.047
43646 7 5 6 0 0.104 0.134 0.259 0.92 0.561 0 15 0.318 17.653 1 0
43646 8 5 6 0 0.104 0.134 0.259 0.92 0.561 0.398 13 1.743 28.293 1 0
43646 9 5 6 0 0.104 0.134 0.259 0.92 0.561 1.194 8 2.343 25.913 1 0.047
43646 10 5 6 0 0.104 0.134 0.259 0.92 0.561 0.895 12 2.046 28.347 1 0
43646 1 5 6 0 0.01 0.109 0.053 0.943 0.148 240.991 73 246.639 1422.26 0 0
43646 2 5 6 0 0.01 0.109 0.053 0.943 0.148 227.664 384 244.454 1368.313 0 0
