250 1 12 7 1 0.051 0.478 0.232 0.968 0.637 4.018 50 6.582 82.74 0.08 0
250 2 12 7 1 0.051 0.478 0.232 0.968 0.637 0 0 0 0 1 1
250 3 12 7 1 0.051 0.478 0.232 0.968 0.637 3.609 42 5.975 75.347 0.26 0
250 4 12 7 1 0.051 0.478 0.232 0.968 0.637 5.016 32 8.267 85.8 0 0
250 5 12 7 1 0.051 0.478 0.232 0.968 0.637 5.296 44 7.539 85.673 0 0
250 6 12 7 1 0.051 0.478 0.232 0.968 0.637 0 0 0 0 1 1
250 7 12 7 1 0.051 0.478 0.232 0.968 0.637 6.57 32 9.879 83.32 0 0
250 8 12 7 1 0.051 0.478 0.232 0.968 0.637 2.829 43 5.715 78.933 0.36 0
250 9 12 7 1 0.051 0.478 0.232 0.968 0.637 0 0 0 0 1 1
250 10 12 7 1 0.051 0.478 0.232 0.968 0.637 0 0 0 0 1 1
250 1 12 7 1 0.077 0.204 0.389 0.885 0.346 0 0 0 0 1 1
250 2 12 7 1 0.077 0.204 0.389 0.885 0.346 1.874 19 5.473 69.793 0.34 0
250 3 12 7 1 0.077 0.204 0.389 0.885 0.346 3.885 39 6.297 82.993 0.087 0
250 4 12 7 1 0.077 0.204 0.389 0.885 0.346 3.815 36 6.14 78.18 0.107 0
250 5 12 7 1 0.077 0.204 0.389 0.885 0.346 4.261 34 6.953 85.493 0.107 0
250 6 12 7 1 0.077 0.204 0.389 0.885 0.346 4.251 56 7.59 85.887 0.04 0
250 7 12 7 1 0.077 0.204 0.389 0.885 0.346 4.505 49 6.401 83.433 0.027 0
250 8 12 7 1 0.077 0.204 0.389 0.885 0.346 0 0 0 0 1 1
250 9 12 7 1 0.077 0.204 0.389 0.885 0.346 0 0 0 0 1 1
250 10 12 7 1 0.077 0.204 0.389 0.885 0.346 5.806 41 8.595 88.047 0 0
250 1 12 7 1 0.119 0.132 0.439 0.898 0.64 5.597 35 7.594 81.187 0 0
250 2 12 7 1 0.119 0.132 0.439 0.898 0.64 7.926 20 10.664 94.32 0 0
250 3 12 7 1 0.119 0.132 0.439 0.898 0.64 6.644 33 8.402 88.693 0 0
250 4 12 7 1 0.119 0.132 0.439 0.898 0.64 3.178 38 5.006 75.473 0.513 0
250 5 12 7 1 0.119 0.132 0.439 0.898 0.64 0 0 0 0 1 1
250 6 12 7 1 0.119 0.132 0.439 0.898 0.64 3.154 30 6.858 76.5 0.147 0
250 7 12 7 1 0.119 0.132 0.439 0.898 0.64 7.907 32 11.282 98.44 0 0
250 8 12 7 1 0.119 0.132 0.439 0.898 0.64 6.245 30 10.311 91.16 0 0
250 9 12 7 1 0.119 0.132 0.439 0.898 0.64 5.295 33 7.984 93.627 0 0
250 10 12 7 1 0.119 0.132 0.439 0.898 0.64 6.383 32 10.032 97.7 0 0
250 1 12 7 1 0.109 0.344 0.398 0.818 0.674 3.869 30 7.241 90.84 0.047 0
250 2 12 7 1 0.109 0.344 0.398 0.818 0.674 11.836 45 14.008 93.4 0 0
250 3 12 7 1 0.109 0.344 0.398 0.818 0.674 0 0 0 0 1 1
250 4 12 7 1 0.109 0.344 0.398 0.818 0.674 4.516 37 6.995 76.767 0.047 0
250 5 12 7 1 0.109 0.344 0.398 0.818 0.674 3.423 26 5.738 75.36 0.287 0
250 6 12 7 1 0.109 0.344 0.398 0.818 0.674 2.783 37 6.237 77.36 0.273 0
250 7 12 7 1 0.109 0.344 0.398 0.818 0.674 7.908 32 10.194 85.987 0 0
250 8 12 7 1 0.109 0.344 0.398 0.818 0.674 5.95 32 8.792 84.76 0 0
250 9 12 7 1 0.109 0.344 0.398 0.818 0.674 5.279 43 7.827 83.747 0 0
250 10 12 7 1 0.109 0.344 0.398 0.818 0.674 6.355 44 8.747 90.967 0 0
250 1 12 7 1 0.022 0.131 0.102 0.972 0.329 0 0 0 0 1 1
250 2 12 7 1 0.022 0.131 0.102 0.972 0.329 0 0 0 0 1 1
250 3 12 7 1 0.022 0.131 0.102 0.972 0.329 5.622 46 8.11 90.613 0 0
250 4 12 7 1 0.022 0.131 0.102 0.972 0.329 0 0 0 0 1 1
250 5 12 7 1 0.022 0.131 0.102 0.972 0.329 0 0 0 0 1 1
250 6 12 7 1 0.022 0.131 0.102 0.972 0.329 0 0 0 0 1 1
250 7 12 7 1 0.022 0.131 0.102 0.972 0.329 0 0 0 0 1 1
250 8 12 7 1 0.022 0.131 0.102 0.972 0.329 3.775 41 6.827 84.913 0.22 0
250 9 12 7 1 0.022 0.131 0.102 0.972 0.329 0 0 0 0 1 1
250 10 12 7 1 0.022 0.131 0.102 0.972 0.329 0 0 0 0 1 1
250 1 12 7 1 0.099 0.154 0.463 0.924 0.473 4.37 33 7.893 82.933 0.02 0
250 2 12 7 1 0.099 0.154 0.463 0.924 0.473 7.938 30 10.137 87.167 0 0
250 3 12 7 1 0.099 0.154 0.463 0.924 0.473 4.76 27 7.454 83.86 0.007 0
250 4 12 7 1 0.099 0.154 0.463 0.924 0.473 4.522 24 7.399 82.067 0.113 0
250 5 12 7 1 0.099 0.154 0.463 0.924 0.473 7.264 29 11.621 92 0 0
250 6 12 7 1 0.099 0.154 0.463 0.924 0.473 3.966 32 7.879 82.52 0.113 0
250 7 12 7 1 0.099 0.154 0.463 0.924 0.473 3.939 41 7.655 87.5 0.06 0
250 8 12 7 1 0.099 0.154 0.463 0.924 0.473 5.118 39 9.658 90.627 0 0
250 9 12 7 1 0.099 0.154 0.463 0.924 0.473 4.062 45 6.88 83.92 0.12 0
250 10 12 7 1 0.099 0.154 0.463 0.924 0.473 0 0 0.082 0.113 1 1
250 1 12 7 1 0.01 0.034 0.283 0.777 0.471 7.569 33 11.081 93.147 0 0
250 2 12 7 1 0.01 0.034 0.283 0.777 0.471 4.217 33 8.279 82.893 0.02 0
250 3 12 7 1 0.01 0.034 0.283 0.777 0.471 5.778 43 8.464 87.753 0 0
250 4 12 7 1 0.01 0.034 0.283 0.777 0.471 4.121 33 7.567 77.587 0.053 0
250 5 12 7 1 0.01 0.034 0.283 0.777 0.471 7.399 43 10.823 96.167 0 0
250 6 12 7 1 0.01 0.034 0.283 0.777 0.471 0 0 0 0 1 1
250 7 12 7 1 0.01 0.034 0.283 0.777 0.471 5.1 43 8.523 90.827 0 0
250 8 12 7 1 0.01 0.034 0.283 0.777 0.471 5.027 40 9.385 94.827 0 0
250 9 12 7 1 0.01 0.034 0.283 0.777 0.471 5.408 39 9.676 92.3 0 0
250 10 12 7 1 0.01 0.034 0.283 0.777 0.471 4.783 44 6.902 83.66 0.02 0
250 1 12 7 1 0.086 0.126 0.446 0.866 0.042 236.752 1154 243.054 1447.253 0 0
250 2 12 7 1 0.086 0.126 0.446 0.866 0.042 238.628 1081 244.644 1431.527 0 0
250 3 12 7 1 0.086 0.126 0.446 0.866 0.042 234.306 999 243.863 1476.793 0 0
250 4 12 7 1 0.086 0.126 0.446 0.866 0.042 238.621 1196 245.691 1478.18 0 0
250 5 12 7 1 0.086 0.126 0.446 0.866 0.042 236.959 1050 244.24 1460.48 0 0
250 1 12 3 0 0.085 0.007 0.111 0.861 0.357 0 0 0 0 1 1
250 2 12 3 0 0.085 0.007 0.111 0.861 0.357 6.792 56 9.948 91.873 0 0
250 3 12 3 0 0.085 0.007 0.111 0.861 0.357 3.428 50 6.872 85.38 0.133 0
250 4 12 3 0 0.085 0.007 0.111 0.861 0.357 5.003 60 7.43 90.427 0 0
250 5 12 3 0 0.085 0.007 0.111 0.861 0.357 5.527 61 7.755 91.727 0 0
250 6 12 3 0 0.085 0.007 0.111 0.861 0.357 3.747 40 5.798 78.453 0.253 0
250 7 12 3 0 0.085 0.007 0.111 0.861 0.357 4.809 66 7.148 96.653 0.047 0
250 8 12 3 0 0.085 0.007 0.111 0.861 0.357 6.938 56 10.264 98.56 0 0
250 9 12 3 0 0.085 0.007 0.111 0.861 0.357 3.608 53 7.905 87.16 0.033 0
250 10 12 3 0 0.085 0.007 0.111 0.861 0.357 0 0 0 0 1 1
250 1 12 3 0 0.035 0.372 0.262 0.933 0.503 4.363 45 7.09 81.687 0.047 0
250 2 12 3 0 0.035 0.372 0.262 0.933 0.503 0 0 0 0 1 1
250 3 12 3 0 0.035 0.372 0.262 0.933 0.503 3.527 51 6.956 82.8 0.167 0
250 4 12 3 0 0.035 0.372 0.262 0.933 0.503 4.056 60 8.441 91.873 0.073 0
250 5 12 3 0 0.035 0.372 0.262 0.933 0.503 4.554 54 6.993 90.807 0.047 0
250 6 12 3 0 0.035 0.372 0.262 0.933 0.503 4.372 52 7.411 87.193 0.04 0
250 7 12 3 0 0.035 0.372 0.262 0.933 0.503 0 0 0.423 3.607 1 0.82
250 8 12 3 0 0.035 0.372 0.262 0.933 0.503 4.549 59 6.935 87.727 0.053 0
250 9 12 3 0 0.035 0.372 0.262 0.933 0.503 3.873 56 7.387 89.66 0.173 0
250 10 12 3 0 0.035 0.372 0.262 0.933 0.503 5.032 60 8.306 94.453 0 0
250 1 12 3 0 0.064 0.341 0.313 0.916 0.55 0 0 0 0 1 1
250 2 12 3 0 0.064 0.341 0.313 0.916 0.55 4.803 48 8.172 88.4 0.007 0
250 3 12 3 0 0.064 0.341 0.313 0.916 0.55 4.37 59 7.741 95.22 0.087 0
250 4 12 3 0 0.064 0.341 0.313 0.916 0.55 3.8 55 5.953 80.193 0.187 0
250 5 12 3 0 0.064 0.341 0.313 0.916 0.55 3.225 44 6.282 85.053 0.173 0
250 6 12 3 0 0.064 0.341 0.313 0.916 0.55 5.117 59 7.694 91.073 0 0
250 7 12 3 0 0.064 0.341 0.313 0.916 0.55 4.212 48 7.562 91.187 0.067 0
250 8 12 3 0 0.064 0.341 0.313 0.916 0.55 3.276 36 5.757 74.68 0.34 0
250 9 12 3 0 0.064 0.341 0.313 0.916 0.55 5.903 59 8.752 94.813 0 0
250 10 12 3 0 0.064 0.341 0.313 0.916 0.55 3.762 57 7.642 90.28 0.1 0
250 1 12 3 0 0.106 0.422 0.193 0.838 0.323 229.297 753 236.805 1117.06 0 0
250 2 12 3 0 0.106 0.422 0.193 0.838 0.323 220.506 732 228.083 1007.16 0 0
250 3 12 3 0 0.106 0.422 0.193 0.838 0.323 224.004 832 233.328 1163.693 0 0
250 4 12 3 0 0.106 0.422 0.193 0.838 0.323 222.102 867 228.848 1157.593 0 0
250 5 12 3 0 0.106 0.422 0.193 0.838 0.323 214.5 742 227.729 1057.42 0 0
250 6 12 3 0 0.106 0.422 0.193 0.838 0.323 218.206 868 226.073 1103.92 0 0
250 7 12 3 0 0.106 0.422 0.193 0.838 0.323 224.036 973 234.427 1279.513 0 0
250 8 12 3 0 0.106 0.422 0.193 0.838 0.323 227.974 788 237.708 1174.687 0 0
250 9 12 3 0 0.106 0.422 0.193 0.838 0.323 211.885 694 219.814 984.567 0 0
250 10 12 3 0 0.106 0.422 0.193 0.838 0.323 210.032 847 216.809 1068.393 0 0
250 1 12 3 0 0.007 0.024 0.366 0.838 0.016 200.841 629 210.038 913.313 0 0
250 2 12 3 0 0.007 0.024 0.366 0.838 0.016 218.803 656 226.441 967.06 0 0
250 3 12 3 0 0.007 0.024 0.366 0.838 0.016 218.914 588 227.019 954.18 0 0
250 4 12 3 0 0.007 0.024 0.366 0.838 0.016 166.119 469 172.694 719.38 0 0
250 5 12 3 0 0.007 0.024 0.366 0.838 0.016 218.03 717 224.628 963.853 0 0
250 6 12 3 0 0.007 0.024 0.366 0.838 0.016 206.846 668 213.764 878.187 0 0
250 7 12 3 0 0.007 0.024 0.366 0.838 0.016 218.52 776 229.896 974.493 0 0
250 8 12 3 0 0.007 0.024 0.366 0.838 0.016 209.606 684 221.753 901.213 0 0
250 9 12 3 0 0.007 0.024 0.366 0.838 0.016 216.388 630 225.922 962.533 0 0
250 10 12 3 0 0.007 0.024 0.366 0.838 0.016 217.259 681 223.876 935.1 0 0
250 1 12 3 0 0.034 0.301 0.031 0.842 0.415 0 0 0 0 1 1
250 2 12 3 0 0.034 0.301 0.031 0.842 0.415 0 0 0 0 1 1
250 3 12 3 0 0.034 0.301 0.031 0.842 0.415 0 0 0 0 1 1
250 4 12 3 0 0.034 0.301 0.031 0.842 0.415 0 0 0 0 1 1
250 5 12 3 0 0.034 0.301 0.031 0.842 0.415 0 0 0 0 1 1
250 6 12 3 0 0.034 0.301 0.031 0.842 0.415 0 0 0 0 1 1
250 7 12 3 0 0.034 0.301 0.031 0.842 0.415 0 0 0 0 1 1
250 8 12 3 0 0.034 0.301 0.031 0.842 0.415 0 0 0 0 1 1
250 9 12 3 0 0.034 0.301 0.031 0.842 0.415 0 0 0 0 1 1
250 10 12 3 0 0.034 0.301 0.031 0.842 0.415 121.872 340 132.21 500.26 0 0
250 1 12 3 0 0.033 0.161 0.226 0.835 0.642 5.352 53 7.815 89.52 0 0
250 2 12 3 0 0.033 0.161 0.226 0.835 0.642 6.548 61 8.93 94.3 0 0
250 3 12 3 0 0.033 0.161 0.226 0.835 0.642 6.043 61 8.82 96.227 0 0
250 4 12 3 0 0.033 0.161 0.226 0.835 0.642 5.304 57 6.875 88.813 0 0
250 5 12 3 0 0.033 0.161 0.226 0.835 0.642 5.065 61 6.922 88.113 0 0
250 6 12 3 0 0.033 0.161 0.226 0.835 0.642 4.314 59 6.923 91.393 0.067 0
250 7 12 3 0 0.033 0.161 0.226 0.835 0.642 5.449 56 8.825 95.207 0 0
250 8 12 3 0 0.033 0.161 0.226 0.835 0.642 3.324 59 6.247 90.08 0.207 0
250 9 12 3 0 0.033 0.161 0.226 0.835 0.642 5.097 55 8.005 88.02 0 0
250 10 12 3 0 0.033 0.161 0.226 0.835 0.642 5.73 55 9.735 97.387 0 0
250 1 12 3 0 0.033 0.203 0.255 0.766 0.871 3.023 52 5.817 79.987 0.393 0
250 2 12 3 0 0.033 0.203 0.255 0.766 0.871 4.641 65 7.176 97.7 0.02 0
250 1 12 5 1 0.033 0.27 0.19 0.833 0.948 4.209 47 8.955 85.933 0.08 0
250 2 12 5 1 0.033 0.27 0.19 0.833 0.948 4.103 30 8.416 88.52 0.02 0
250 3 12 5 1 0.033 0.27 0.19 0.833 0.948 2.734 44 4.822 69.513 0.533 0
250 4 12 5 1 0.033 0.27 0.19 0.833 0.948 4.186 41 7.313 84.273 0.06 0
250 5 12 5 1 0.033 0.27 0.19 0.833 0.948 6.155 58 10.562 101.3 0 0
250 6 12 5 1 0.033 0.27 0.19 0.833 0.948 5.735 49 8.771 90.34 0 0
250 7 12 5 1 0.033 0.27 0.19 0.833 0.948 9.468 37 11.926 103.847 0 0
250 8 12 5 1 0.033 0.27 0.19 0.833 0.948 0 0 0 0 1 1
250 9 12 5 1 0.033 0.27 0.19 0.833 0.948 4.55 52 7.475 93.553 0.02 0
250 10 12 5 1 0.033 0.27 0.19 0.833 0.948 6.14 46 8.648 91.88 0 0
250 1 12 5 1 0.063 0.125 0.26 0.991 0.24 4.357 47 7.335 86.52 0.093 0
250 2 12 5 1 0.063 0.125 0.26 0.991 0.24 0 0 0 0 1 1
250 3 12 5 1 0.063 0.125 0.26 0.991 0.24 6.279 60 7.943 97.073 0 0
250 4 12 5 1 0.063 0.125 0.26 0.991 0.24 4.507 55 8.903 89.38 0.053 0
250 5 12 5 1 0.063 0.125 0.26 0.991 0.24 5.106 58 10.115 99.973 0 0
250 6 12 5 1 0.063 0.125 0.26 0.991 0.24 3.762 60 5.806 82.413 0.207 0
250 7 12 5 1 0.063 0.125 0.26 0.991 0.24 4.998 53 7.396 88.287 0.007 0
250 8 12 5 1 0.063 0.125 0.26 0.991 0.24 3.868 50 6.661 83.627 0.14 0
250 9 12 5 1 0.063 0.125 0.26 0.991 0.24 4.931 53 8.671 92.3 0.007 0
250 10 12 5 1 0.063 0.125 0.26 0.991 0.24 4.275 52 6.752 81.987 0.06 0
250 1 12 5 1 0.117 0.152 0.463 0.923 0.603 4.097 51 7.187 90.947 0.073 0
250 2 12 5 1 0.117 0.152 0.463 0.923 0.603 8.759 34 13.518 108.92 0 0
250 3 12 5 1 0.117 0.152 0.463 0.923 0.603 6.719 49 9.046 97.747 0 0
250 4 12 5 1 0.117 0.152 0.463 0.923 0.603 4.836 39 9.018 90.807 0.007 0
250 5 12 5 1 0.117 0.152 0.463 0.923 0.603 4.058 51 6.037 80.38 0.193 0
250 6 12 5 1 0.117 0.152 0.463 0.923 0.603 4.364 44 7.843 82.073 0.047 0
250 7 12 5 1 0.117 0.152 0.463 0.923 0.603 5.504 43 7.545 92.527 0 0
250 8 12 5 1 0.117 0.152 0.463 0.923 0.603 2.484 38 6.136 82.053 0.373 0
250 9 12 5 1 0.117 0.152 0.463 0.923 0.603 5.757 47 11.138 98.46 0 0
250 10 12 5 1 0.117 0.152 0.463 0.923 0.603 5.943 40 8.885 88.7 0 0
250 1 12 5 1 0.019 0.126 0.489 0.853 0.016 240.75 1216 245.281 1502.287 0 0
250 2 12 5 1 0.019 0.126 0.489 0.853 0.016 240.915 1209 245.613 1517.88 0 0
250 3 12 5 1 0.019 0.126 0.489 0.853 0.016 239.583 1106 245.386 1485.567 0 0
250 4 12 5 1 0.019 0.126 0.489 0.853 0.016 240.631 1295 245.712 1665.68 0 0
250 5 12 5 1 0.019 0.126 0.489 0.853 0.016 239.76 1124 245.635 1539.633 0 0
250 6 12 5 1 0.019 0.126 0.489 0.853 0.016 238.643 1217 244.909 1577.167 0 0
250 7 12 5 1 0.019 0.126 0.489 0.853 0.016 236.938 1297 245.392 1572.82 0 0
250 8 12 5 1 0.019 0.126 0.489 0.853 0.016 240.34 1205 245.313 1509.513 0 0
250 9 12 5 1 0.019 0.126 0.489 0.853 0.016 239.527 1194 245.635 1560.887 0 0
250 10 12 5 1 0.019 0.126 0.489 0.853 0.016 235.25 1090 242.115 1423.513 0 0
250 1 12 5 1 0.065 0.426 0.306 0.952 0.859 7.581 60 11.461 100.82 0 0
250 2 12 5 1 0.065 0.426 0.306 0.952 0.859 4.469 38 8.537 89.933 0.007 0
250 3 12 5 1 0.065 0.426 0.306 0.952 0.859 6.228 40 10.348 99.467 0 0
250 4 12 5 1 0.065 0.426 0.306 0.952 0.859 6.819 42 9.584 97.58 0 0
250 5 12 5 1 0.065 0.426 0.306 0.952 0.859 4.233 36 7.939 86.247 0.047 0
250 6 12 5 1 0.065 0.426 0.306 0.952 0.859 6.274 43 9.586 90.193 0 0
250 7 12 5 1 0.065 0.426 0.306 0.952 0.859 5.574 37 8.032 86.12 0 0
250 8 12 5 1 0.065 0.426 0.306 0.952 0.859 4.598 47 7.701 92.22 0.02 0
250 9 12 5 1 0.065 0.426 0.306 0.952 0.859 5.366 45 8.468 90.413 0 0
250 10 12 5 1 0.065 0.426 0.306 0.952 0.859 4.718 49 9.726 91.053 0.02 0
250 1 12 5 1 0.011 0.033 0.173 0.872 0.349 4.108 51 8.531 97.72 0.087 0
250 2 12 5 1 0.011 0.033 0.173 0.872 0.349 6.332 43 8.815 95.227 0 0
250 3 12 5 1 0.011 0.033 0.173 0.872 0.349 3.666 42 6.723 85.773 0.173 0
250 4 12 5 1 0.011 0.033 0.173 0.872 0.349 4.31 45 6.242 79.74 0.107 0
250 5 12 5 1 0.011 0.033 0.173 0.872 0.349 4.172 51 7.204 91.773 0.127 0
250 6 12 5 1 0.011 0.033 0.173 0.872 0.349 7.322 60 11.14 102.3 0 0
250 7 12 5 1 0.011 0.033 0.173 0.872 0.349 4.94 48 8.203 91.613 0.007 0
250 8 12 5 1 0.011 0.033 0.173 0.872 0.349 5.854 47 9.126 97.173 0 0
250 9 12 5 1 0.011 0.033 0.173 0.872 0.349 4.718 43 7.308 84.313 0.033 0
250 10 12 5 1 0.011 0.033 0.173 0.872 0.349 8.547 31 11.707 109.207 0 0
250 1 12 5 1 0.099 0.152 0.137 0.781 0.815 3.658 39 6.513 84.267 0.087 0
250 2 12 5 1 0.099 0.152 0.137 0.781 0.815 5.998 43 10.927 100.473 0 0
250 3 12 5 1 0.099 0.152 0.137 0.781 0.815 7.543 41 11.079 100.807 0 0
250 4 12 5 1 0.099 0.152 0.137 0.781 0.815 4.68 33 7.296 90.46 0.027 0
250 5 12 5 1 0.099 0.152 0.137 0.781 0.815 5.556 40 9.937 100.213 0 0
250 6 12 5 1 0.099 0.152 0.137 0.781 0.815 5.484 33 8.918 92.02 0 0
250 7 12 5 1 0.099 0.152 0.137 0.781 0.815 4.12 51 7.321 85.9 0.033 0
250 8 12 5 1 0.099 0.152 0.137 0.781 0.815 6.964 42 9.31 91.813 0 0
250 9 12 5 1 0.099 0.152 0.137 0.781 0.815 5.74 39 8.361 94.607 0 0
250 10 12 5 1 0.099 0.152 0.137 0.781 0.815 6.291 44 10.402 98.747 0 0
250 1 12 9 0 0.027 0.427 0.427 0.996 0.75 4.719 34 8.44 76.133 0.007 0
250 2 12 9 0 0.027 0.427 0.427 0.996 0.75 0 0 0 0 1 1
250 3 12 9 0 0.027 0.427 0.427 0.996 0.75 5.061 38 7.294 79.833 0 0
250 4 12 9 0 0.027 0.427 0.427 0.996 0.75 4.216 25 6.349 73.053 0.16 0
250 5 12 9 0 0.027 0.427 0.427 0.996 0.75 1.27 19 6.181 64.96 0.307 0
250 6 12 9 0 0.027 0.427 0.427 0.996 0.75 4.298 26 7.858 80.787 0.027 0
250 7 12 9 0 0.027 0.427 0.427 0.996 0.75 5.99 36 9.692 85.06 0 0
250 8 12 9 0 0.027 0.427 0.427 0.996 0.75 0 0 0 0 1 1
250 9 12 9 0 0.027 0.427 0.427 0.996 0.75 0 0 0 0 1 1
250 10 12 9 0 0.027 0.427 0.427 0.996 0.75 1.48 15 6.339 61 0.38 0
250 1 12 9 0 0.022 0.354 0.433 0.922 0.946 5.44 34 7.651 78.213 0 0
250 2 12 9 0 0.022 0.354 0.433 0.922 0.946 4.521 44 8.443 86.513 0.02 0
250 3 12 9 0 0.022 0.354 0.433 0.922 0.946 3.576 32 6.672 75.033 0.147 0
250 4 12 9 0 0.022 0.354 0.433 0.922 0.946 5.71 28 8.776 84.153 0 0
250 5 12 9 0 0.022 0.354 0.433 0.922 0.946 4.76 45 7.588 77.987 0.007 0
250 6 12 9 0 0.022 0.354 0.433 0.922 0.946 4.556 27 7.57 82.04 0.033 0
250 7 12 9 0 0.022 0.354 0.433 0.922 0.946 3.46 43 6.682 78.207 0.12 0
250 8 12 9 0 0.022 0.354 0.433 0.922 0.946 7.287 30 12.146 86.647 0 0
250 9 12 9 0 0.022 0.354 0.433 0.922 0.946 3.452 36 6.815 71.58 0.053 0
250 10 12 9 0 0.022 0.354 0.433 0.922 0.946 4.907 33 7.299 80.473 0.007 0
250 1 12 9 0 0.05 0.208 0.04 0.81 0.259 245.174 1870 248.65 2412.953 0 0
250 2 12 9 0 0.05 0.208 0.04 0.81 0.259 245.869 1962 248.602 2466.68 0 0
250 3 12 9 0 0.05 0.208 0.04 0.81 0.259 246.557 2120 248.728 2548.447 0 0
250 4 12 9 0 0.05 0.208 0.04 0.81 0.259 246.164 2070 248.673 2706.033 0 0
250 5 12 9 0 0.05 0.208 0.04 0.81 0.259 246.001 2287 248.858 2661.647 0 0
250 6 12 9 0 0.05 0.208 0.04 0.81 0.259 245.307 1994 248.614 2504.827 0 0
250 7 12 9 0 0.05 0.208 0.04 0.81 0.259 245.818 1980 248.308 2366.827 0 0
250 8 12 9 0 0.05 0.208 0.04 0.81 0.259 244.304 2097 248.836 2646.673 0 0
250 9 12 9 0 0.05 0.208 0.04 0.81 0.259 244.499 2051 248.402 2408.833 0 0
250 10 12 9 0 0.05 0.208 0.04 0.81 0.259 245.253 1893 248.32 2368.633 0 0
250 1 12 9 0 0.117 0.361 0.128 0.757 0.908 2.972 21 6.438 81.24 0.147 0
250 2 12 9 0 0.117 0.361 0.128 0.757 0.908 7.039 40 9.181 89.933 0 0
250 3 12 9 0 0.117 0.361 0.128 0.757 0.908 0 0 0 0 1 1
250 4 12 9 0 0.117 0.361 0.128 0.757 0.908 4.764 42 6.754 77.187 0.033 0
250 5 12 9 0 0.117 0.361 0.128 0.757 0.908 2.817 30 6.644 76.12 0.313 0
250 6 12 9 0 0.117 0.361 0.128 0.757 0.908 3.542 24 8.639 81.227 0.147 0
250 7 12 9 0 0.117 0.361 0.128 0.757 0.908 3.025 25 5.969 70.467 0.36 0
250 8 12 9 0 0.117 0.361 0.128 0.757 0.908 3.692 35 7.739 78.473 0.173 0
250 9 12 9 0 0.117 0.361 0.128 0.757 0.908 5.259 27 7.448 77 0 0
250 10 12 9 0 0.117 0.361 0.128 0.757 0.908 0 0 0 0 1 1
250 1 12 9 0 0.082 0.216 0.005 0.797 0.486 0 0 0 0 1 1
250 2 12 9 0 0.082 0.216 0.005 0.797 0.486 0 0 0 0 1 1
250 3 12 9 0 0.082 0.216 0.005 0.797 0.486 0 0 0 0 1 1
250 4 12 9 0 0.082 0.216 0.005 0.797 0.486 0 0 0 0 1 1
250 5 12 9 0 0.082 0.216 0.005 0.797 0.486 0 0 0 0 1 1
250 6 12 9 0 0.082 0.216 0.005 0.797 0.486 0 0 0 0 1 1
250 7 12 9 0 0.082 0.216 0.005 0.797 0.486 0 0 0 0 1 1
250 8 12 9 0 0.082 0.216 0.005 0.797 0.486 0 0 0 0 1 1
250 9 12 9 0 0.082 0.216 0.005 0.797 0.486 0 0 0 0 1 1
250 10 12 9 0 0.082 0.216 0.005 0.797 0.486 0 0 0 0 1 1
250 1 12 9 0 0.071 0.136 0.138 0.955 0.912 3.426 38 7.779 86.813 0.147 0
250 2 12 9 0 0.071 0.136 0.138 0.955 0.912 6.793 23 8.511 83.36 0 0
250 3 12 9 0 0.071 0.136 0.138 0.955 0.912 3.609 31 6.09 75.92 0.2 0
250 4 12 9 0 0.071 0.136 0.138 0.955 0.912 7.77 25 9.469 88.013 0 0
250 5 12 9 0 0.071 0.136 0.138 0.955 0.912 4.178 31 7.75 81.413 0.033 0
250 6 12 9 0 0.071 0.136 0.138 0.955 0.912 3.27 34 6.811 76.527 0.187 0
250 7 12 9 0 0.071 0.136 0.138 0.955 0.912 3.124 43 6.927 83.587 0.147 0
250 8 12 9 0 0.071 0.136 0.138 0.955 0.912 3.756 32 6.916 76.233 0.06 0
250 9 12 9 0 0.071 0.136 0.138 0.955 0.912 3.712 40 6.195 79.193 0.127 0
250 10 12 9 0 0.071 0.136 0.138 0.955 0.912 5.198 25 8.749 84.587 0 0
250 1 12 9 0 0.105 0.392 0.047 0.996 0.977 0 0 0 0 1 1
250 2 12 9 0 0.105 0.392 0.047 0.996 0.977 2.138 25 5.148 62.833 0.447 0
250 3 12 9 0 0.105 0.392 0.047 0.996 0.977 9.199 27 11.174 85.287 0 0
250 4 12 9 0 0.105 0.392 0.047 0.996 0.977 0 0 0 0 1 1
250 5 12 9 0 0.105 0.392 0.047 0.996 0.977 4.218 36 6.582 76.26 0.06 0
250 6 12 9 0 0.105 0.392 0.047 0.996 0.977 1.977 14 4.518 60 0.607 0
250 7 12 9 0 0.105 0.392 0.047 0.996 0.977 0 0 0 0 1 1
250 8 12 9 0 0.105 0.392 0.047 0.996 0.977 0.05 2 2.285 25.387 0.753 0.48
250 9 12 9 0 0.105 0.392 0.047 0.996 0.977 7.28 27 10.269 85.973 0 0
250 10 12 9 0 0.105 0.392 0.047 0.996 0.977 0 0 0 0 1 1
250 1 12 9 0 0.043 0.493 0.299 0.813 0.294 5.261 49 11.576 131.747 0 0
250 2 12 9 0 0.043 0.493 0.299 0.813 0.294 0 0 0 0 1 1
250 3 12 9 0 0.043 0.493 0.299 0.813 0.294 46.53 74 55.297 205.727 0 0
250 4 12 9 0 0.043 0.493 0.299 0.813 0.294 61.927 229 71.45 344.78 0 0
250 5 12 9 0 0.043 0.493 0.299 0.813 0.294 2.236 38 5.125 73.173 0.473 0
250 6 12 9 0 0.043 0.493 0.299 0.813 0.294 0 0 0 0 1 1
250 7 12 9 0 0.043 0.493 0.299 0.813 0.294 15.806 60 21.25 123.6 0 0
250 8 12 9 0 0.043 0.493 0.299 0.813 0.294 29.184 91 35.728 193.573 0 0
250 9 12 9 0 0.043 0.493 0.299 0.813 0.294 52.33 166 63.822 292.387 0 0
250 10 12 9 0 0.043 0.493 0.299 0.813 0.294 41.768 108 50.712 240.6 0 0
250 1 12 9 0 0.018 0.322 0.059 0.867 0.133 245.901 2242 248.768 2684.733 0 0
250 2 12 9 0 0.018 0.322 0.059 0.867 0.133 246.276 2279 248.635 2692.213 0 0
250 3 12 9 0 0.018 0.322 0.059 0.867 0.133 244.369 2087 248.525 2658.013 0 0
250 4 12 9 0 0.018 0.322 0.059 0.867 0.133 245.014 2216 248.647 2647.88 0 0
250 5 12 9 0 0.018 0.322 0.059 0.867 0.133 244.195 2245 248.93 2762.447 0 0
250 6 12 9 0 0.018 0.322 0.059 0.867 0.133 244.127 1858 248.288 2404.373 0 0
250 7 12 9 0 0.018 0.322 0.059 0.867 0.133 246.877 2212 249.045 2761.673 0 0
250 1 12 6 1 0.015 0.059 0.006 0.914 0.336 245.223 1908 248.575 2515.22 0 0
250 2 12 6 1 0.015 0.059 0.006 0.914 0.336 245.894 1811 248.425 2430.48 0 0
250 3 12 6 1 0.015 0.059 0.006 0.914 0.336 245.069 1562 248.367 2129.8 0 0
250 4 12 6 1 0.015 0.059 0.006 0.914 0.336 245.611 1811 248.449 2450.573 0 0
250 5 12 6 1 0.015 0.059 0.006 0.914 0.336 245.446 2022 248.551 2398.98 0 0
250 6 12 6 1 0.015 0.059 0.006 0.914 0.336 242.823 1943 248.326 2314.573 0 0
250 7 12 6 1 0.015 0.059 0.006 0.914 0.336 245.164 1736 248.159 2288.46 0 0
250 8 12 6 1 0.015 0.059 0.006 0.914 0.336 245.724 1939 248.392 2369.747 0 0
250 9 12 6 1 0.015 0.059 0.006 0.914 0.336 243.942 1804 247.251 2249.36 0 0
250 10 12 6 1 0.015 0.059 0.006 0.914 0.336 244.852 1992 248.247 2411.54 0 0
250 1 12 6 1 0.032 0.428 0.488 0.892 0.537 7.086 40 12.574 102.78 0 0
250 2 12 6 1 0.032 0.428 0.488 0.892 0.537 2.412 31 5.786 73.887 0.56 0
250 3 12 6 1 0.032 0.428 0.488 0.892 0.537 5.008 39 7.171 85.387 0 0
250 4 12 6 1 0.032 0.428 0.488 0.892 0.537 0 0 0 0 1 1
250 5 12 6 1 0.032 0.428 0.488 0.892 0.537 0 0 0 0 1 1
250 6 12 6 1 0.032 0.428 0.488 0.892 0.537 7.632 41 10.241 95.32 0 0
250 7 12 6 1 0.032 0.428 0.488 0.892 0.537 4.544 48 7.074 84.38 0.047 0
250 8 12 6 1 0.032 0.428 0.488 0.892 0.537 8.343 39 10.853 91.94 0 0
250 9 12 6 1 0.032 0.428 0.488 0.892 0.537 3.182 45 5.867 82.72 0.36 0
250 10 12 6 1 0.032 0.428 0.488 0.892 0.537 6.741 47 9.521 93.287 0 0
250 1 12 6 1 0.079 0.185 0.14 0.775 0.611 0 0 1.353 16.08 0.993 0.58
250 2 12 6 1 0.079 0.185 0.14 0.775 0.611 2.09 33 7.005 80.987 0.253 0
250 3 12 6 1 0.079 0.185 0.14 0.775 0.611 2.585 42 5.329 74.313 0.467 0
250 4 12 6 1 0.079 0.185 0.14 0.775 0.611 0 0 0 0 1 1
250 5 12 6 1 0.079 0.185 0.14 0.775 0.611 3.082 47 5.505 79.907 0.42 0
250 6 12 6 1 0.079 0.185 0.14 0.775 0.611 0 0 0 0 1 1
250 7 12 6 1 0.079 0.185 0.14 0.775 0.611 6.307 48 9.195 90.473 0 0
250 8 12 6 1 0.079 0.185 0.14 0.775 0.611 4.018 44 6.75 80.847 0.107 0
250 9 12 6 1 0.079 0.185 0.14 0.775 0.611 5.651 45 8.221 92.853 0 0
250 10 12 6 1 0.079 0.185 0.14 0.775 0.611 2.385 41 5.386 76.193 0.427 0
250 1 12 6 1 0.076 0.015 0.377 0.805 0.604 4.063 42 6.89 81.107 0.067 0
250 2 12 6 1 0.076 0.015 0.377 0.805 0.604 5.732 32 8.248 85.527 0 0
250 3 12 6 1 0.076 0.015 0.377 0.805 0.604 3.872 36 8.206 85.54 0.053 0
250 4 12 6 1 0.076 0.015 0.377 0.805 0.604 2.435 43 6.34 83.713 0.26 0
250 5 12 6 1 0.076 0.015 0.377 0.805 0.604 3.37 44 8.146 90.527 0.067 0
250 6 12 6 1 0.076 0.015 0.377 0.805 0.604 8.004 35 10.344 94.547 0 0
250 7 12 6 1 0.076 0.015 0.377 0.805 0.604 4.955 37 9.431 90.727 0.007 0
250 8 12 6 1 0.076 0.015 0.377 0.805 0.604 3.273 47 6.559 81.987 0.187 0
250 9 12 6 1 0.076 0.015 0.377 0.805 0.604 4.806 43 8.186 89.96 0.007 0
250 10 12 6 1 0.076 0.015 0.377 0.805 0.604 7.26 42 10.203 95.1 0 0
250 1 12 6 1 0.076 0.114 0.411 0.977 0.284 4.748 42 7.97 90.927 0.027 0
250 2 12 6 1 0.076 0.114 0.411 0.977 0.284 4.769 48 7.61 84.24 0.027 0
250 3 12 6 1 0.076 0.114 0.411 0.977 0.284 6.596 41 9.549 89.253 0 0
250 4 12 6 1 0.076 0.114 0.411 0.977 0.284 6.151 40 8.9 86.053 0 0
250 5 12 6 1 0.076 0.114 0.411 0.977 0.284 6.898 36 10.692 94.367 0 0
250 6 12 6 1 0.076 0.114 0.411 0.977 0.284 6.121 34 8.798 89.693 0 0
250 7 12 6 1 0.076 0.114 0.411 0.977 0.284 3.955 41 7.033 81.853 0.127 0
250 8 12 6 1 0.076 0.114 0.411 0.977 0.284 4.213 50 7.545 87.72 0.027 0
250 9 12 6 1 0.076 0.114 0.411 0.977 0.284 4.091 47 6.868 87.173 0.067 0
250 10 12 6 1 0.076 0.114 0.411 0.977 0.284 6.751 37 9.978 97.867 0 0
250 1 12 6 1 0.011 0.172 0.253 0.804 0.006 245.678 2001 248.477 2558.407 0 0
250 2 12 6 1 0.011 0.172 0.253 0.804 0.006 244.277 1847 248.641 2592.12 0 0
250 3 12 6 1 0.011 0.172 0.253 0.804 0.006 244.762 2063 248.757 2750.393 0 0
250 4 12 6 1 0.011 0.172 0.253 0.804 0.006 246.761 2122 248.867 2601.407 0 0
250 5 12 6 1 0.011 0.172 0.253 0.804 0.006 245.452 2266 248.735 2635.593 0 0
250 6 12 6 1 0.011 0.172 0.253 0.804 0.006 243.652 2152 248.562 2571.113 0 0
250 7 12 6 1 0.011 0.172 0.253 0.804 0.006 244.836 2104 248.696 2643.1 0 0
250 8 12 6 1 0.011 0.172 0.253 0.804 0.006 245.956 2129 248.768 2715.84 0 0
250 9 12 6 1 0.011 0.172 0.253 0.804 0.006 245.419 2030 248.731 2556.8 0 0
250 10 12 6 1 0.011 0.172 0.253 0.804 0.006 246.015 2011 248.523 2590.487 0 0
250 1 12 6 1 0.018 0.432 0.33 0.891 0.677 3.329 38 6.273 76.993 0.147 0
250 2 12 6 1 0.018 0.432 0.33 0.891 0.677 9.071 21 12.021 99.507 0 0
250 3 12 6 1 0.018 0.432 0.33 0.891 0.677 3.339 41 7.87 92.453 0.073 0
250 4 12 6 1 0.018 0.432 0.33 0.891 0.677 4.877 42 7.642 87.853 0.013 0
250 5 12 6 1 0.018 0.432 0.33 0.891 0.677 5.191 48 7.765 87.713 0 0
250 6 12 6 1 0.018 0.432 0.33 0.891 0.677 3.914 46 6.36 81.647 0.113 0
250 7 12 6 1 0.018 0.432 0.33 0.891 0.677 4.222 32 9.076 91.147 0.047 0
250 8 12 6 1 0.018 0.432 0.33 0.891 0.677 7.824 27 11.833 98.487 0 0
250 9 12 6 1 0.018 0.432 0.33 0.891 0.677 5.142 44 7.402 87.047 0 0
250 10 12 6 1 0.018 0.432 0.33 0.891 0.677 5.593 42 7.923 86.687 0 0
250 1 12 6 1 0.042 0.012 0.415 0.756 0.4 2.278 28 6.682 74.367 0.32 0
250 2 12 6 1 0.042 0.012 0.415 0.756 0.4 4.165 33 7.498 83.233 0.047 0
250 3 12 6 1 0.042 0.012 0.415 0.756 0.4 3.815 19 7.439 80.573 0.133 0
250 4 12 6 1 0.042 0.012 0.415 0.756 0.4 4.498 28 9.511 86.42 0.027 0
250 5 12 6 1 0.042 0.012 0.415 0.756 0.4 0 0 0 0 1 1
250 6 12 6 1 0.042 0.012 0.415 0.756 0.4 3.412 34 8.358 88.187 0.193 0
250 7 12 6 1 0.042 0.012 0.415 0.756 0.4 4.266 45 7.281 84.1 0.08 0
250 8 12 6 1 0.042 0.012 0.415 0.756 0.4 7.423 37 11.304 92.313 0 0
250 9 12 6 1 0.042 0.012 0.415 0.756 0.4 6.462 40 8.733 91.253 0 0
250 10 12 6 1 0.042 0.012 0.415 0.756 0.4 4.637 43 7.031 88.493 0.033 0
250 1 12 6 1 0.052 0.187 0.417 0.783 0.479 5.687 35 8.889 92.68 0 0
250 2 12 6 1 0.052 0.187 0.417 0.783 0.479 4.47 47 7.192 89.387 0.033 0
250 3 12 6 1 0.052 0.187 0.417 0.783 0.479 8.534 45 11.285 97.12 0 0
250 4 12 6 1 0.052 0.187 0.417 0.783 0.479 3.267 37 5.337 71.167 0.333 0
250 1 12 4 0 0.041 0.354 0.149 0.996 0.159 242.383 1307 246.758 1813.173 0 0
250 2 12 4 0 0.041 0.354 0.149 0.996 0.159 243.182 1394 247.23 1807.54 0 0
250 3 12 4 0 0.041 0.354 0.149 0.996 0.159 242.471 1358 247.065 1752.68 0 0
250 4 12 4 0 0.041 0.354 0.149 0.996 0.159 241.158 1376 246.458 1791.033 0 0
250 5 12 4 0 0.041 0.354 0.149 0.996 0.159 240.951 1468 246.614 1884.42 0 0
250 6 12 4 0 0.041 0.354 0.149 0.996 0.159 243.262 1300 246.69 1809.833 0 0
250 7 12 4 0 0.041 0.354 0.149 0.996 0.159 241.422 1368 246.954 1786.647 0 0
250 8 12 4 0 0.041 0.354 0.149 0.996 0.159 242.06 1397 246.685 1798.593 0 0
250 9 12 4 0 0.041 0.354 0.149 0.996 0.159 242.737 1362 246.734 1749.713 0 0
250 10 12 4 0 0.041 0.354 0.149 0.996 0.159 241.059 1493 246.248 1771.44 0 0
250 1 12 4 0 0.014 0.181 0.308 0.968 0.054 232.717 989 241.834 1269.6 0 0
250 2 12 4 0 0.014 0.181 0.308 0.968 0.054 236.024 1006 244.21 1397.547 0 0
250 3 12 4 0 0.014 0.181 0.308 0.968 0.054 235.155 1096 242.871 1353.953 0 0
250 4 12 4 0 0.014 0.181 0.308 0.968 0.054 232.57 1057 240.262 1336.02 0 0
250 5 12 4 0 0.014 0.181 0.308 0.968 0.054 234.1 948 242.64 1255.8 0 0
250 6 12 4 0 0.014 0.181 0.308 0.968 0.054 233.468 975 243.382 1348.8 0 0
250 7 12 4 0 0.014 0.181 0.308 0.968 0.054 237.284 1018 242.756 1352.527 0 0
250 8 12 4 0 0.014 0.181 0.308 0.968 0.054 235.628 947 240.994 1325.647 0 0
250 9 12 4 0 0.014 0.181 0.308 0.968 0.054 238.494 1068 243.822 1323.713 0 0
250 10 12 4 0 0.014 0.181 0.308 0.968 0.054 238.845 975 244.259 1315.613 0 0
250 1 12 4 0 0.053 0.266 0.393 0.874 0.873 4.109 51 7.487 89.28 0.147 0
250 2 12 4 0 0.053 0.266 0.393 0.874 0.873 3.073 58 7.001 88.82 0.193 0
250 3 12 4 0 0.053 0.266 0.393 0.874 0.873 4.708 47 8.285 91.693 0.027 0
250 4 12 4 0 0.053 0.266 0.393 0.874 0.873 5.857 51 9.241 99.047 0 0
250 5 12 4 0 0.053 0.266 0.393 0.874 0.873 4.394 54 7.053 86.193 0.027 0
250 6 12 4 0 0.053 0.266 0.393 0.874 0.873 2.726 44 5.591 76.333 0.393 0
250 7 12 4 0 0.053 0.266 0.393 0.874 0.873 4.471 50 6.988 86.58 0.067 0
250 8 12 4 0 0.053 0.266 0.393 0.874 0.873 6.318 65 8.941 98.013 0 0
250 9 12 4 0 0.053 0.266 0.393 0.874 0.873 4.27 55 8.22 100.567 0.06 0
250 10 12 4 0 0.053 0.266 0.393 0.874 0.873 2.287 40 5.054 75.273 0.6 0
250 1 12 4 0 0.03 0.077 0.048 0.814 0.927 6.041 57 8.105 97.32 0 0
250 2 12 4 0 0.03 0.077 0.048 0.814 0.927 7.478 32 12.378 108.313 0 0
250 3 12 4 0 0.03 0.077 0.048 0.814 0.927 5.703 52 7.994 89.467 0 0
250 4 12 4 0 0.03 0.077 0.048 0.814 0.927 6.442 36 9.474 89.26 0 0
250 5 12 4 0 0.03 0.077 0.048 0.814 0.927 2.782 44 5.743 75.78 0.347 0
250 6 12 4 0 0.03 0.077 0.048 0.814 0.927 3.79 50 6.303 80.633 0.16 0
250 7 12 4 0 0.03 0.077 0.048 0.814 0.927 3.684 46 8.077 93.473 0.087 0
250 8 12 4 0 0.03 0.077 0.048 0.814 0.927 5.744 43 8.926 94.1 0 0
250 9 12 4 0 0.03 0.077 0.048 0.814 0.927 6.096 43 9.229 89.507 0 0
250 10 12 4 0 0.03 0.077 0.048 0.814 0.927 4.749 59 7.431 93.947 0.02 0
250 1 12 4 0 0.097 0.288 0.263 0.958 0.937 4.789 50 8.273 95.987 0.02 0
250 2 12 4 0 0.097 0.288 0.263 0.958 0.937 5.599 50 9.538 98.44 0 0
250 3 12 4 0 0.097 0.288 0.263 0.958 0.937 5.78 43 9.418 96.74 0 0
250 4 12 4 0 0.097 0.288 0.263 0.958 0.937 7.092 44 10.711 102.973 0 0
250 5 12 4 0 0.097 0.288 0.263 0.958 0.937 5.885 44 7.909 86.693 0 0
250 6 12 4 0 0.097 0.288 0.263 0.958 0.937 3.91 48 7.019 92.733 0.113 0
250 7 12 4 0 0.097 0.288 0.263 0.958 0.937 5.114 44 7.456 83.453 0 0
250 8 12 4 0 0.097 0.288 0.263 0.958 0.937 4.606 50 8.428 91.7 0.007 0
250 9 12 4 0 0.097 0.288 0.263 0.958 0.937 4.122 56 7.977 91.68 0.047 0
250 1 12 8 1 0.09 0.07 0.153 0.795 0.856 2.88 30 6.037 77.593 0.32 0
250 2 12 8 1 0.09 0.07 0.153 0.795 0.856 3.675 24 5.683 68.513 0.327 0
250 3 12 8 1 0.09 0.07 0.153 0.795 0.856 2.953 27 6.433 71.94 0.133 0
250 4 12 8 1 0.09 0.07 0.153 0.795 0.856 5.054 37 6.883 81.047 0 0
250 5 12 8 1 0.09 0.07 0.153 0.795 0.856 2.473 33 6.651 71.773 0.453 0
250 6 12 8 1 0.09 0.07 0.153 0.795 0.856 0 0 0 0 1 1
250 7 12 8 1 0.09 0.07 0.153 0.795 0.856 7.056 39 9.436 91.32 0 0
250 8 12 8 1 0.09 0.07 0.153 0.795 0.856 2.683 41 6.522 76.747 0.26 0
250 9 12 8 1 0.09 0.07 0.153 0.795 0.856 0 0 0 0 1 1
250 10 12 8 1 0.09 0.07 0.153 0.795 0.856 5.903 36 8.684 84.54 0 0
250 1 12 8 1 0.081 0.233 0.031 0.98 0.549 0 0 0 0 1 1
250 2 12 8 1 0.081 0.233 0.031 0.98 0.549 0 0 0 0 1 1
250 3 12 8 1 0.081 0.233 0.031 0.98 0.549 0 0 0 0 1 1
250 4 12 8 1 0.081 0.233 0.031 0.98 0.549 0 0 0 0 1 1
250 5 12 8 1 0.081 0.233 0.031 0.98 0.549 0 0 0 0 1 1
250 6 12 8 1 0.081 0.233 0.031 0.98 0.549 0 0 0 0 1 1
250 7 12 8 1 0.081 0.233 0.031 0.98 0.549 0 0 0 0 1 1
250 8 12 8 1 0.081 0.233 0.031 0.98 0.549 0 0 0 0 1 1
250 9 12 8 1 0.081 0.233 0.031 0.98 0.549 0 0 0 0 1 1
250 10 12 8 1 0.081 0.233 0.031 0.98 0.549 0 0 0 0 1 1
250 1 12 8 1 0.016 0.317 0.013 0.809 0.409 133.501 409 154.129 693.793 0 0
250 2 12 8 1 0.016 0.317 0.013 0.809 0.409 157.439 446 168.073 687.327 0 0
250 3 12 8 1 0.016 0.317 0.013 0.809 0.409 133.726 409 153.707 730.74 0 0
250 4 12 8 1 0.016 0.317 0.013 0.809 0.409 159.555 480 167.952 689.807 0 0
250 5 12 8 1 0.016 0.317 0.013 0.809 0.409 169.164 514 176.296 691.627 0 0
250 6 12 8 1 0.016 0.317 0.013 0.809 0.409 145.85 427 157.311 661.707 0 0
250 7 12 8 1 0.016 0.317 0.013 0.809 0.409 139.8 460 159.134 762.68 0 0
250 8 12 8 1 0.016 0.317 0.013 0.809 0.409 125.413 437 143.8 650.447 0 0
250 9 12 8 1 0.016 0.317 0.013 0.809 0.409 139.72 457 148.01 640.487 0 0
250 10 12 8 1 0.016 0.317 0.013 0.809 0.409 123.586 383 138.752 554.833 0 0
250 1 12 8 1 0.088 0.435 0.281 0.889 0.043 247.037 2353 248.885 2796.067 0 0
250 2 12 8 1 0.088 0.435 0.281 0.889 0.043 246.029 2387 248.919 2770.42 0 0
250 3 12 8 1 0.088 0.435 0.281 0.889 0.043 245.629 2448 248.855 2876.347 0 0
250 4 12 8 1 0.088 0.435 0.281 0.889 0.043 246.166 2242 248.856 2793.047 0 0
250 5 12 8 1 0.088 0.435 0.281 0.889 0.043 247.052 2221 249.008 2739.833 0 0
250 6 12 8 1 0.088 0.435 0.281 0.889 0.043 246.438 2269 248.873 2737.713 0 0
250 7 12 8 1 0.088 0.435 0.281 0.889 0.043 245.69 2482 248.981 2812.413 0 0
250 8 12 8 1 0.088 0.435 0.281 0.889 0.043 244.87 2292 248.723 2735.407 0 0
250 9 12 8 1 0.088 0.435 0.281 0.889 0.043 247.459 2662 249.155 3039.02 0 0
250 10 12 8 1 0.088 0.435 0.281 0.889 0.043 245.676 2311 248.76 2608.967 0 0
250 1 12 8 1 0.063 0.138 0.08 0.76 0.052 246.546 3511 249.523 4040.027 0 0
250 2 12 8 1 0.063 0.138 0.08 0.76 0.052 247.96 3147 249.574 4089.3 0 0
250 3 12 8 1 0.063 0.138 0.08 0.76 0.052 248.022 3635 249.591 4327.56 0 0
250 4 12 8 1 0.063 0.138 0.08 0.76 0.052 247.278 3481 249.598 4090.187 0 0
250 5 12 8 1 0.063 0.138 0.08 0.76 0.052 247.62 3321 249.544 4074.26 0 0
250 6 12 8 1 0.063 0.138 0.08 0.76 0.052 247.113 3396 249.56 4097.24 0 0
250 7 12 8 1 0.063 0.138 0.08 0.76 0.052 248.292 3508 249.542 3905.067 0 0
250 8 12 8 1 0.063 0.138 0.08 0.76 0.052 248.101 3827 249.57 4307.833 0 0
250 9 12 8 1 0.063 0.138 0.08 0.76 0.052 248.032 3674 249.625 4259.3 0 0
250 10 12 8 1 0.063 0.138 0.08 0.76 0.052 247.347 3311 249.488 3840.667 0 0
250 1 12 8 1 0.119 0.029 0.133 0.842 0.682 3.478 32 5.724 73.06 0.193 0
250 1 12 7 1 0.076 0.337 0.166 0.8 0.696 0 0 0 0 1 1
250 2 12 7 1 0.076 0.337 0.166 0.8 0.696 2.532 44 5.656 78.28 0.367 0
250 3 12 7 1 0.076 0.337 0.166 0.8 0.696 2.286 41 5.599 75.727 0.393 0
250 4 12 7 1 0.076 0.337 0.166 0.8 0.696 3.924 42 6.059 78.16 0.24 0
250 5 12 7 1 0.076 0.337 0.166 0.8 0.696 4.521 52 6.702 83.733 0.067 0
250 6 12 7 1 0.076 0.337 0.166 0.8 0.696 3.78 44 9.167 86.7 0.16 0
250 7 12 7 1 0.076 0.337 0.166 0.8 0.696 0 0 0 0 1 1
250 8 12 7 1 0.076 0.337 0.166 0.8 0.696 0 0 0 0 1 1
250 9 12 7 1 0.076 0.337 0.166 0.8 0.696 5.459 50 7.706 89.593 0 0
250 10 12 7 1 0.076 0.337 0.166 0.8 0.696 0 0 0 0 1 1
250 1 12 7 1 0.083 0.271 0.356 0.871 0.809 5.848 41 7.569 80.893 0 0
250 2 12 7 1 0.083 0.271 0.356 0.871 0.809 2.187 36 5.136 70.853 0.507 0
250 3 12 7 1 0.083 0.271 0.356 0.871 0.809 4.311 32 6.539 82.047 0.16 0
250 4 12 7 1 0.083 0.271 0.356 0.871 0.809 2.683 36 6.304 80.727 0.313 0
250 5 12 7 1 0.083 0.271 0.356 0.871 0.809 0 0 0 0 1 1
250 6 12 7 1 0.083 0.271 0.356 0.871 0.809 4.219 46 6.55 83.373 0.08 0
250 7 12 7 1 0.083 0.271 0.356 0.871 0.809 0 0 0 0 1 1
250 8 12 7 1 0.083 0.271 0.356 0.871 0.809 2.371 39 6.205 74.293 0.233 0
250 9 12 7 1 0.083 0.271 0.356 0.871 0.809 9.203 31 12.397 105.473 0 0
250 10 12 7 1 0.083 0.271 0.356 0.871 0.809 5.413 48 7.086 86.34 0 0
250 1 12 7 1 0.102 0.42 0.403 0.771 0.927 0 0 0 0 1 1
250 2 12 7 1 0.102 0.42 0.403 0.771 0.927 3.179 18 8.773 89.633 0.107 0
250 3 12 7 1 0.102 0.42 0.403 0.771 0.927 5.415 41 12.392 94.74 0 0
250 4 12 7 1 0.102 0.42 0.403 0.771 0.927 0 0 0 0 1 1
250 5 12 7 1 0.102 0.42 0.403 0.771 0.927 0 0 0 0 1 1
250 6 12 7 1 0.102 0.42 0.403 0.771 0.927 4.467 40 7.875 84.573 0.04 0
250 7 12 7 1 0.102 0.42 0.403 0.771 0.927 4.42 31 7.271 86.7 0.08 0
250 8 12 7 1 0.102 0.42 0.403 0.771 0.927 4.31 43 6.473 76.673 0.1 0
250 9 12 7 1 0.102 0.42 0.403 0.771 0.927 7.825 28 11.793 100.98 0 0
250 10 12 7 1 0.102 0.42 0.403 0.771 0.927 4.321 34 7.367 82.32 0.04 0
250 1 12 7 1 0.075 0.119 0.28 0.785 0.646 6.27 50 9.996 98.807 0 0
250 2 12 7 1 0.075 0.119 0.28 0.785 0.646 5.146 41 6.735 80.747 0 0
250 3 12 7 1 0.075 0.119 0.28 0.785 0.646 3.028 38 5.695 77.427 0.353 0
250 4 12 7 1 0.075 0.119 0.28 0.785 0.646 4.114 38 7.022 83.513 0.113 0
250 5 12 7 1 0.075 0.119 0.28 0.785 0.646 5.464 47 9.061 94.713 0 0
250 6 12 7 1 0.075 0.119 0.28 0.785 0.646 7.32 27 10.676 96.767 0 0
250 7 12 7 1 0.075 0.119 0.28 0.785 0.646 0 0 0 0 1 1
250 8 12 7 1 0.075 0.119 0.28 0.785 0.646 6.927 38 9.522 89.66 0 0
250 9 12 7 1 0.075 0.119 0.28 0.785 0.646 0 0 0 0 1 1
250 10 12 7 1 0.075 0.119 0.28 0.785 0.646 4.348 29 8.231 82.54 0.02 0
250 1 12 7 1 0.061 0.113 0.205 0.753 0.206 31.338 95 38.291 205.693 0 0
250 2 12 7 1 0.061 0.113 0.205 0.753 0.206 28.697 99 33.608 185.573 0 0
250 3 12 7 1 0.061 0.113 0.205 0.753 0.206 39.929 131 45.271 233.94 0 0
250 4 12 7 1 0.061 0.113 0.205 0.753 0.206 32.78 94 39.623 222.867 0 0
250 5 12 7 1 0.061 0.113 0.205 0.753 0.206 45.819 123 52.251 238.893 0 0
250 6 12 7 1 0.061 0.113 0.205 0.753 0.206 18.547 46 23.625 116.7 0 0
250 7 12 7 1 0.061 0.113 0.205 0.753 0.206 45.68 143 51.097 238.84 0 0
250 8 12 7 1 0.061 0.113 0.205 0.753 0.206 23.533 98 31.334 174.84 0 0
250 9 12 7 1 0.061 0.113 0.205 0.753 0.206 19.092 40 26.2 119.207 0 0
250 10 12 7 1 0.061 0.113 0.205 0.753 0.206 26.115 88 33.872 186.82 0 0
250 1 12 7 1 0.05 0.301 0.092 0.817 0.302 242.677 1337 247.101 1692.827 0 0
250 2 12 7 1 0.05 0.301 0.092 0.817 0.302 243.744 1515 247.144 1828.38 0 0
250 3 12 7 1 0.05 0.301 0.092 0.817 0.302 241.583 1298 246.411 1829.287 0 0
250 4 12 7 1 0.05 0.301 0.092 0.817 0.302 241.769 1368 246.299 1820.32 0 0
250 5 12 7 1 0.05 0.301 0.092 0.817 0.302 242.472 1415 246.927 1864.2 0 0
250 6 12 7 1 0.05 0.301 0.092 0.817 0.302 239.534 1333 245.769 1675.233 0 0
250 7 12 7 1 0.05 0.301 0.092 0.817 0.302 243.435 1383 247.076 1807.773 0 0
250 8 12 7 1 0.05 0.301 0.092 0.817 0.302 244.508 1394 247.327 1806.967 0 0
250 9 12 7 1 0.05 0.301 0.092 0.817 0.302 242.293 1287 246.576 1773.013 0 0
250 10 12 7 1 0.05 0.301 0.092 0.817 0.302 243.426 1315 246.966 1731.227 0 0
250 1 12 7 1 0.001 0.491 0.415 0.929 0.064 233.823 972 240.918 1238.167 0 0
250 2 12 7 1 0.001 0.491 0.415 0.929 0.064 234.408 879 240.583 1277.08 0 0
250 1 12 6 1 0.082 0.303 0.047 0.954 0.435 0 0 0 0 1 1
250 2 12 6 1 0.082 0.303 0.047 0.954 0.435 0 0 0 0 1 1
250 3 12 6 1 0.082 0.303 0.047 0.954 0.435 0 0 0 0 1 1
250 4 12 6 1 0.082 0.303 0.047 0.954 0.435 0 0 0 0 1 1
250 5 12 6 1 0.082 0.303 0.047 0.954 0.435 0 0 0 0 1 1
250 6 12 6 1 0.082 0.303 0.047 0.954 0.435 0 0 0 0 1 1
250 7 12 6 1 0.082 0.303 0.047 0.954 0.435 0 0 0 0 1 1
250 8 12 6 1 0.082 0.303 0.047 0.954 0.435 0 0 0 0 1 1
250 9 12 6 1 0.082 0.303 0.047 0.954 0.435 0 0 0 0 1 1
250 10 12 6 1 0.082 0.303 0.047 0.954 0.435 0 0 0 0 1 1
250 1 12 6 1 0.036 0.36 0.058 0.806 0.341 242.704 1390 246.937 1823.047 0 0
250 2 12 6 1 0.036 0.36 0.058 0.806 0.341 242.52 1182 246.501 1647.9 0 0
250 3 12 6 1 0.036 0.36 0.058 0.806 0.341 241.346 1537 246.589 1803.587 0 0
250 4 12 6 1 0.036 0.36 0.058 0.806 0.341 241.751 1342 246.756 1805.16 0 0
250 5 12 6 1 0.036 0.36 0.058 0.806 0.341 239.521 1378 246.057 1724.86 0 0
250 6 12 6 1 0.036 0.36 0.058 0.806 0.341 240.701 1388 246.223 1834.647 0 0
250 7 12 6 1 0.036 0.36 0.058 0.806 0.341 242.265 1211 246.251 1696.78 0 0
250 8 12 6 1 0.036 0.36 0.058 0.806 0.341 240.961 1498 246.208 1813.653 0 0
250 9 12 6 1 0.036 0.36 0.058 0.806 0.341 241.543 1132 245.929 1756.847 0 0
250 10 12 6 1 0.036 0.36 0.058 0.806 0.341 239.574 1281 245.355 1652.1 0 0
250 1 12 6 1 0.052 0.131 0.109 0.98 0.663 4.033 32 6.658 70.46 0.087 0
250 2 12 6 1 0.052 0.131 0.109 0.98 0.663 7.732 33 11.725 94.413 0 0
250 3 12 6 1 0.052 0.131 0.109 0.98 0.663 4.755 42 7.233 82.507 0.027 0
250 4 12 6 1 0.052 0.131 0.109 0.98 0.663 3.687 33 8.428 88.22 0.12 0
250 5 12 6 1 0.052 0.131 0.109 0.98 0.663 4.366 49 6.76 88.593 0.053 0
250 6 12 6 1 0.052 0.131 0.109 0.98 0.663 5.214 50 8.553 90.547 0 0
250 7 12 6 1 0.052 0.131 0.109 0.98 0.663 8.528 25 12.604 102.447 0 0
250 8 12 6 1 0.052 0.131 0.109 0.98 0.663 3.934 30 6.607 82.02 0.173 0
250 9 12 6 1 0.052 0.131 0.109 0.98 0.663 5.932 42 8.96 91.773 0 0
250 10 12 6 1 0.052 0.131 0.109 0.98 0.663 4.716 23 8.53 80.78 0.02 0
250 1 12 6 1 0.001 0.152 0.083 0.82 0.436 10.993 68 14.737 134.153 0 0
250 2 12 6 1 0.001 0.152 0.083 0.82 0.436 17.074 80 20.021 145.553 0 0
250 3 12 6 1 0.001 0.152 0.083 0.82 0.436 3.426 54 11.165 111.587 0.093 0
250 4 12 6 1 0.001 0.152 0.083 0.82 0.436 17.872 92 23.082 149.847 0 0
250 5 12 6 1 0.001 0.152 0.083 0.82 0.436 14.847 70 20.194 150.18 0 0
250 6 12 6 1 0.001 0.152 0.083 0.82 0.436 12.037 102 19.573 155.56 0 0
250 7 12 6 1 0.001 0.152 0.083 0.82 0.436 16.294 84 19.609 152.427 0 0
250 8 12 6 1 0.001 0.152 0.083 0.82 0.436 21.655 101 25.766 163.12 0 0
250 9 12 6 1 0.001 0.152 0.083 0.82 0.436 13.668 90 22.321 168.1 0 0
250 10 12 6 1 0.001 0.152 0.083 0.82 0.436 11.673 90 15.818 153.867 0 0
250 1 12 6 1 0.035 0.267 0.186 0.767 0.528 0 0 0 0 1 1
250 2 12 6 1 0.035 0.267 0.186 0.767 0.528 2.534 29 4.413 58.727 0.7 0
250 3 12 6 1 0.035 0.267 0.186 0.767 0.528 6.028 47 8.515 88.26 0 0
250 4 12 6 1 0.035 0.267 0.186 0.767 0.528 4.075 55 6.27 87.32 0.107 0
250 5 12 6 1 0.035 0.267 0.186 0.767 0.528 0 0 0 0 1 1
250 6 12 6 1 0.035 0.267 0.186 0.767 0.528 0 0 0 0 1 1
250 7 12 6 1 0.035 0.267 0.186 0.767 0.528 4.758 40 7.35 84.287 0.02 0
250 8 12 6 1 0.035 0.267 0.186 0.767 0.528 1.69 15 5.079 69.38 0.527 0
250 9 12 6 1 0.035 0.267 0.186 0.767 0.528 0 0 0 0 1 1
250 10 12 6 1 0.035 0.267 0.186 0.767 0.528 3.616 42 6.07 77.893 0.287 0
250 1 12 6 1 0.112 0.245 0.299 0.898 0.924 3.913 38 6.72 76.94 0.16 0
250 2 12 6 1 0.112 0.245 0.299 0.898 0.924 3.62 43 7.532 80.16 0.08 0
250 3 12 6 1 0.112 0.245 0.299 0.898 0.924 5.919 41 9.605 96.633 0 0
250 4 12 6 1 0.112 0.245 0.299 0.898 0.924 4.481 36 7.778 85.08 0.013 0
250 5 12 6 1 0.112 0.245 0.299 0.898 0.924 4.221 44 7.541 87.987 0.027 0
250 6 12 6 1 0.112 0.245 0.299 0.898 0.924 2.089 45 5.663 75.147 0.487 0
250 7 12 6 1 0.112 0.245 0.299 0.898 0.924 5.445 51 7.031 92.087 0 0
250 8 12 6 1 0.112 0.245 0.299 0.898 0.924 6.31 27 12.145 97.233 0 0
250 9 12 6 1 0.112 0.245 0.299 0.898 0.924 3.178 37 6.592 81.567 0.227 0
250 10 12 6 1 0.112 0.245 0.299 0.898 0.924 5.397 46 8.57 94.5 0 0
250 1 12 8 1 0.074 0.325 0.143 0.862 0.76 0 0 0 1.447 1 1
250 2 12 8 1 0.074 0.325 0.143 0.862 0.76 0 0 0 0 1 1
250 3 12 8 1 0.074 0.325 0.143 0.862 0.76 4.262 44 7.399 80.653 0.027 0
250 4 12 8 1 0.074 0.325 0.143 0.862 0.76 2.867 44 6.071 78.227 0.193 0
250 5 12 8 1 0.074 0.325 0.143 0.862 0.76 2.733 42 5.841 76.22 0.227 0
250 6 12 8 1 0.074 0.325 0.143 0.862 0.76 4.983 48 7.681 81.493 0.007 0
250 7 12 8 1 0.074 0.325 0.143 0.862 0.76 0 0 0 0 1 1
250 8 12 8 1 0.074 0.325 0.143 0.862 0.76 2.945 47 6.543 82.94 0.167 0
250 9 12 8 1 0.074 0.325 0.143 0.862 0.76 4.685 45 7.01 85.987 0.02 0
250 10 12 8 1 0.074 0.325 0.143 0.862 0.76 4.807 37 7.006 80.347 0.013 0
250 1 12 8 1 0.081 0.008 0.192 0.947 0.362 6.439 44 8.746 92.547 0 0
250 2 12 8 1 0.081 0.008 0.192 0.947 0.362 4.915 37 7.382 78.073 0.02 0
250 3 12 8 1 0.081 0.008 0.192 0.947 0.362 4.421 46 6.974 84.287 0.04 0
250 4 12 8 1 0.081 0.008 0.192 0.947 0.362 4.115 41 6.195 79.32 0.06 0
250 5 12 8 1 0.081 0.008 0.192 0.947 0.362 4.609 25 6.422 75.667 0.027 0
250 6 12 8 1 0.081 0.008 0.192 0.947 0.362 4.56 26 6.994 84.793 0.04 0
250 7 12 8 1 0.081 0.008 0.192 0.947 0.362 8.149 32 12.199 94.72 0 0
250 8 12 8 1 0.081 0.008 0.192 0.947 0.362 0 0 0 0 1 1
250 9 12 8 1 0.081 0.008 0.192 0.947 0.362 4.837 32 7.452 81.027 0.013 0
250 10 12 8 1 0.081 0.008 0.192 0.947 0.362 2.428 19 4.896 56.473 0.593 0
250 1 12 8 1 0.063 0.112 0.208 0.838 0.477 3.329 51 5.816 79.787 0.287 0
250 2 12 8 1 0.063 0.112 0.208 0.838 0.477 7.335 39 10.432 99.573 0 0
250 3 12 8 1 0.063 0.112 0.208 0.838 0.477 3.522 44 5.571 77.72 0.24 0
250 4 12 8 1 0.063 0.112 0.208 0.838 0.477 3.962 45 7.274 81.967 0.1 0
250 5 12 8 1 0.063 0.112 0.208 0.838 0.477 3.668 40 5.926 80.693 0.227 0
250 6 12 8 1 0.063 0.112 0.208 0.838 0.477 0 0 0.898 9.967 1 0.647
250 7 12 8 1 0.063 0.112 0.208 0.838 0.477 6.629 44 8.566 88.233 0 0
250 8 12 8 1 0.063 0.112 0.208 0.838 0.477 6.305 48 10.819 94.807 0 0
250 9 12 8 1 0.063 0.112 0.208 0.838 0.477 1.708 13 6.378 62.553 0.453 0
250 10 12 8 1 0.063 0.112 0.208 0.838 0.477 5.479 43 7.677 86.533 0 0
250 1 12 8 1 0.043 0.233 0.406 0.947 0.815 4.493 32 6.983 80.293 0.04 0
250 2 12 8 1 0.043 0.233 0.406 0.947 0.815 3.231 38 6.222 82.26 0.2 0
250 3 12 8 1 0.043 0.233 0.406 0.947 0.815 0 0 0 0 1 1
250 4 12 8 1 0.043 0.233 0.406 0.947 0.815 3.749 45 6.638 81.993 0.133 0
250 5 12 8 1 0.043 0.233 0.406 0.947 0.815 0 0 0 0 1 1
250 6 12 8 1 0.043 0.233 0.406 0.947 0.815 1.49 29 5.82 68.013 0.333 0
250 7 12 8 1 0.043 0.233 0.406 0.947 0.815 5.134 39 8.292 86.573 0 0
250 8 12 8 1 0.043 0.233 0.406 0.947 0.815 0 0 0 0 1 1
250 9 12 8 1 0.043 0.233 0.406 0.947 0.815 0 0 0 0 1 1
250 10 12 8 1 0.043 0.233 0.406 0.947 0.815 5.009 41 9.001 87.747 0 0
250 1 12 8 1 0.029 0.257 0.471 0.988 0.171 0 0 0 0 1 1
250 2 12 8 1 0.029 0.257 0.471 0.988 0.171 2.479 28 4.603 61.6 0.653 0
250 3 12 8 1 0.029 0.257 0.471 0.988 0.171 2.528 35 5.417 71.307 0.48 0
250 4 12 8 1 0.029 0.257 0.471 0.988 0.171 0 0 0 0 1 1
250 5 12 8 1 0.029 0.257 0.471 0.988 0.171 2.832 43 6.922 80.58 0.153 0
250 6 12 8 1 0.029 0.257 0.471 0.988 0.171 3.761 45 7.028 82.707 0.1 0
250 7 12 8 1 0.029 0.257 0.471 0.988 0.171 0 0 0 0 1 1
250 8 12 8 1 0.029 0.257 0.471 0.988 0.171 5.069 36 8.872 88.22 0 0
250 9 12 8 1 0.029 0.257 0.471 0.988 0.171 0 0 0 0 1 1
250 10 12 8 1 0.029 0.257 0.471 0.988 0.171 3.679 42 6.232 80.32 0.22 0
250 1 12 8 1 0.042 0.394 0.223 0.757 0.376 12.591 47 16.884 108.353 0 0
250 2 12 8 1 0.042 0.394 0.223 0.757 0.376 14.365 103 21.302 166.72 0 0
250 3 12 8 1 0.042 0.394 0.223 0.757 0.376 0 0 0 0 1 1
250 4 12 8 1 0.042 0.394 0.223 0.757 0.376 0 0 0 0 1 1
250 5 12 8 1 0.042 0.394 0.223 0.757 0.376 25.788 85 29.453 167.18 0 0
250 6 12 8 1 0.042 0.394 0.223 0.757 0.376 0 0 0 0 1 1
250 7 12 8 1 0.042 0.394 0.223 0.757 0.376 0 0 0.082 0.647 1 1
250 8 12 8 1 0.042 0.394 0.223 0.757 0.376 14.513 62 20.062 138.153 0 0
250 9 12 8 1 0.042 0.394 0.223 0.757 0.376 1.044 5 7.855 76.08 0.3 0.047
250 10 12 8 1 0.042 0.394 0.223 0.757 0.376 0 0 0 0 1 1
250 1 12 8 1 0.068 0.281 0.317 0.841 0.723 0 0 0 0 1 1
250 2 12 8 1 0.068 0.281 0.317 0.841 0.723 6.927 28 8.904 82.14 0 0
250 3 12 8 1 0.068 0.281 0.317 0.841 0.723 0 0 0 0 1 1
250 4 12 8 1 0.068 0.281 0.317 0.841 0.723 4.552 36 8.148 85.033 0.013 0
250 5 12 8 1 0.068 0.281 0.317 0.841 0.723 6.51 33 9.327 89.413 0 0
250 6 12 8 1 0.068 0.281 0.317 0.841 0.723 4.906 29 7.528 84.387 0.013 0
250 7 12 8 1 0.068 0.281 0.317 0.841 0.723 0 0 0 0 1 1
250 8 12 8 1 0.068 0.281 0.317 0.841 0.723 8.417 40 11.817 96.973 0 0
250 9 12 8 1 0.068 0.281 0.317 0.841 0.723 7.811 30 9.99 87.327 0 0
250 10 12 8 1 0.068 0.281 0.317 0.841 0.723 4.404 43 9.093 92.473 0.013 0
250 1 12 8 1 0.103 0.282 0.45 0.926 0.674 4.28 27 7.141 76.153 0.087 0
250 2 12 8 1 0.103 0.282 0.45 0.926 0.674 4.37 22 8.112 80.14 0.067 0
250 1 12 4 1 0.068 0.234 0.073 0.881 0.968 4.605 36 7.911 85.62 0.013 0
250 2 12 4 1 0.068 0.234 0.073 0.881 0.968 4.799 55 7.893 87.7 0.007 0
250 3 12 4 1 0.068 0.234 0.073 0.881 0.968 8.109 34 11.696 105.153 0 0
250 4 12 4 1 0.068 0.234 0.073 0.881 0.968 5.637 43 8.42 98.54 0 0
250 5 12 4 1 0.068 0.234 0.073 0.881 0.968 5.678 44 8.934 90.827 0 0
250 6 12 4 1 0.068 0.234 0.073 0.881 0.968 4.769 53 7.615 90.133 0.033 0
250 7 12 4 1 0.068 0.234 0.073 0.881 0.968 0 0 0 0 1 1
250 8 12 4 1 0.068 0.234 0.073 0.881 0.968 5.656 49 8.01 88.313 0 0
250 9 12 4 1 0.068 0.234 0.073 0.881 0.968 5.981 48 8.539 97.927 0 0
250 10 12 4 1 0.068 0.234 0.073 0.881 0.968 2.824 50 9.224 97.767 0.04 0
250 1 12 4 1 0.105 0.261 0.369 0.845 0.886 3.977 60 7.036 89.34 0.153 0
250 2 12 4 1 0.105 0.261 0.369 0.845 0.886 4.553 47 7.337 91.14 0.013 0
250 3 12 4 1 0.105 0.261 0.369 0.845 0.886 5.345 56 7.134 91.54 0 0
250 4 12 4 1 0.105 0.261 0.369 0.845 0.886 4.254 53 7.821 87.833 0.027 0
250 5 12 4 1 0.105 0.261 0.369 0.845 0.886 5.353 49 8.953 91.04 0 0
250 6 12 4 1 0.105 0.261 0.369 0.845 0.886 3.745 59 6.903 88.46 0.247 0
250 7 12 4 1 0.105 0.261 0.369 0.845 0.886 5.848 52 9.347 94.98 0 0
250 8 12 4 1 0.105 0.261 0.369 0.845 0.886 4.418 58 6.521 84.307 0.053 0
250 9 12 4 1 0.105 0.261 0.369 0.845 0.886 4.415 51 6.273 82.273 0.087 0
250 10 12 4 1 0.105 0.261 0.369 0.845 0.886 6.401 54 8.548 91.82 0 0
250 1 12 4 1 0.091 0.323 0.098 0.955 0.503 0 0 0 0 1 1
250 2 12 4 1 0.091 0.323 0.098 0.955 0.503 0 0 0 0 1 1
250 3 12 4 1 0.091 0.323 0.098 0.955 0.503 0 0 0 0 1 1
250 4 12 4 1 0.091 0.323 0.098 0.955 0.503 0 0 0 0 1 1
250 5 12 4 1 0.091 0.323 0.098 0.955 0.503 0 0 0 0 1 1
250 6 12 4 1 0.091 0.323 0.098 0.955 0.503 0 0 0 0 1 1
250 7 12 4 1 0.091 0.323 0.098 0.955 0.503 0 0 0 0 1 1
250 8 12 4 1 0.091 0.323 0.098 0.955 0.503 0 0 0 0 1 1
250 9 12 4 1 0.091 0.323 0.098 0.955 0.503 0 0 0 0 1 1
250 10 12 4 1 0.091 0.323 0.098 0.955 0.503 0 0 0 0 1 1
250 1 12 4 1 0.02 0.19 0.273 0.769 0.949 5.311 56 9.652 98.9 0 0
250 2 12 4 1 0.02 0.19 0.273 0.769 0.949 5.348 48 7.158 88.407 0 0
250 3 12 4 1 0.02 0.19 0.273 0.769 0.949 3.799 39 8.299 96.313 0.14 0
250 4 12 4 1 0.02 0.19 0.273 0.769 0.949 0 0 0 0 1 1
250 5 12 4 1 0.02 0.19 0.273 0.769 0.949 7.167 52 9.3 97.473 0 0
250 6 12 4 1 0.02 0.19 0.273 0.769 0.949 3.725 44 6.613 87.62 0.087 0
250 7 12 4 1 0.02 0.19 0.273 0.769 0.949 3.371 39 6.306 82.087 0.26 0
250 8 12 4 1 0.02 0.19 0.273 0.769 0.949 6.249 48 9.837 93.713 0 0
250 9 12 4 1 0.02 0.19 0.273 0.769 0.949 5.413 51 9.12 96.833 0 0
250 10 12 4 1 0.02 0.19 0.273 0.769 0.949 5.315 38 8.564 93.193 0 0
250 1 12 4 1 0.109 0.361 0.048 0.916 0.318 239.586 1670 246.527 2014.207 0 0
250 2 12 4 1 0.109 0.361 0.048 0.916 0.318 244.451 1774 248.086 2158.28 0 0
250 3 12 4 1 0.109 0.361 0.048 0.916 0.318 242.566 1652 247.253 2142.393 0 0
250 4 12 4 1 0.109 0.361 0.048 0.916 0.318 242.489 1932 247.58 2323.113 0 0
250 5 12 4 1 0.109 0.361 0.048 0.916 0.318 242.182 1624 247.223 2032.667 0 0
250 6 12 4 1 0.109 0.361 0.048 0.916 0.318 244.987 1716 248.281 2218.013 0 0
250 7 12 4 1 0.109 0.361 0.048 0.916 0.318 243.369 1734 247.637 2112.627 0 0
250 8 12 4 1 0.109 0.361 0.048 0.916 0.318 243.099 1900 247.445 2396.56 0 0
250 9 12 4 1 0.109 0.361 0.048 0.916 0.318 244.701 1740 248.034 2147.58 0 0
250 10 12 4 1 0.109 0.361 0.048 0.916 0.318 244.569 1790 248.112 2211.253 0 0
250 1 12 4 1 0.03 0.314 0.14 0.912 0.433 0 0 0 0 1 1
250 2 12 4 1 0.03 0.314 0.14 0.912 0.433 0 0 0 0 1 1
250 3 12 4 1 0.03 0.314 0.14 0.912 0.433 0 0 0 0 1 1
250 4 12 4 1 0.03 0.314 0.14 0.912 0.433 0 0 0 0 1 1
250 5 12 4 1 0.03 0.314 0.14 0.912 0.433 0 0 0 0 1 1
250 6 12 4 1 0.03 0.314 0.14 0.912 0.433 0 0 0 0 1 1
250 7 12 4 1 0.03 0.314 0.14 0.912 0.433 0 0 0 0 1 1
250 8 12 4 1 0.03 0.314 0.14 0.912 0.433 0 0 0 0 1 1
250 9 12 4 1 0.03 0.314 0.14 0.912 0.433 0 0 0 0 1 1
250 10 12 4 1 0.03 0.314 0.14 0.912 0.433 0 0 0 0 1 1
250 1 12 4 1 0.09 0.3 0.492 0.784 0.933 5.625 60 8.574 101.513 0 0
250 2 12 4 1 0.09 0.3 0.492 0.784 0.933 3.863 61 6.62 86.853 0.08 0
250 3 12 4 1 0.09 0.3 0.492 0.784 0.933 8.351 56 11.037 104.28 0 0
250 4 12 4 1 0.09 0.3 0.492 0.784 0.933 5.21 56 8.794 97.027 0 0
250 5 12 4 1 0.09 0.3 0.492 0.784 0.933 2.029 23 5.476 64.973 0.527 0
250 6 12 4 1 0.09 0.3 0.492 0.784 0.933 2.797 41 6.187 76.887 0.347 0
250 7 12 4 1 0.09 0.3 0.492 0.784 0.933 4.322 51 6.515 86.627 0.1 0
250 8 12 4 1 0.09 0.3 0.492 0.784 0.933 5.979 52 8.966 98.62 0 0
250 9 12 4 1 0.09 0.3 0.492 0.784 0.933 5.384 62 7.952 96.593 0 0
250 10 12 4 1 0.09 0.3 0.492 0.784 0.933 8.166 38 12.852 104.707 0 0
250 1 12 4 1 0.099 0.194 0.095 0.781 0.087 245.592 2963 249.18 3392.127 0 0
250 2 12 4 1 0.099 0.194 0.095 0.781 0.087 247.433 3114 249.487 3813.127 0 0
250 3 12 4 1 0.099 0.194 0.095 0.781 0.087 247.108 2929 249.288 3756.727 0 0
250 4 12 4 1 0.099 0.194 0.095 0.781 0.087 246.929 2709 249.288 3399.973 0 0
250 5 12 4 1 0.099 0.194 0.095 0.781 0.087 246.772 2749 249.386 3547.12 0 0
250 6 12 4 1 0.099 0.194 0.095 0.781 0.087 247.339 3033 249.29 3624.667 0 0
250 7 12 4 1 0.099 0.194 0.095 0.781 0.087 247.563 3171 249.526 3927.26 0 0
250 1 12 3 1 0.005 0.113 0.313 0.787 0.556 4.815 47 7.611 90.613 0.013 0
250 2 12 3 1 0.005 0.113 0.313 0.787 0.556 3.579 61 6.076 90.227 0.233 0
250 3 12 3 1 0.005 0.113 0.313 0.787 0.556 4.449 47 7.243 85.953 0.047 0
250 4 12 3 1 0.005 0.113 0.313 0.787 0.556 5.633 50 8.843 92.64 0 0
250 5 12 3 1 0.005 0.113 0.313 0.787 0.556 3.607 54 5.506 80.94 0.3 0
250 6 12 3 1 0.005 0.113 0.313 0.787 0.556 5.61 60 8.136 91.633 0 0
250 7 12 3 1 0.005 0.113 0.313 0.787 0.556 4.449 63 7.369 92.513 0.04 0
250 8 12 3 1 0.005 0.113 0.313 0.787 0.556 3.579 46 6.309 82.76 0.2 0
250 9 12 3 1 0.005 0.113 0.313 0.787 0.556 4.71 57 7.22 91.787 0.007 0
250 10 12 3 1 0.005 0.113 0.313 0.787 0.556 4.214 57 7.951 90.187 0.08 0
250 1 12 3 1 0.033 0.152 0.34 0.925 0.968 4.611 63 8.038 97.48 0.047 0
250 2 12 3 1 0.033 0.152 0.34 0.925 0.968 6.824 51 9.858 93.353 0 0
250 3 12 3 1 0.033 0.152 0.34 0.925 0.968 5.355 55 7.604 87.627 0 0
250 4 12 3 1 0.033 0.152 0.34 0.925 0.968 3.925 50 7.525 91.86 0.147 0
250 5 12 3 1 0.033 0.152 0.34 0.925 0.968 8.28 60 10.807 102.293 0 0
250 6 12 3 1 0.033 0.152 0.34 0.925 0.968 0 1 1.936 29.027 1 0.353
250 7 12 3 1 0.033 0.152 0.34 0.925 0.968 5.99 63 8.247 97.607 0 0
250 8 12 3 1 0.033 0.152 0.34 0.925 0.968 5.36 52 8.438 90.893 0 0
250 9 12 3 1 0.033 0.152 0.34 0.925 0.968 7.141 51 9.269 92.613 0 0
250 10 12 3 1 0.033 0.152 0.34 0.925 0.968 4.065 62 7.421 88.46 0.047 0
250 1 12 3 1 0.102 0.336 0.116 0.972 0.099 246.782 2822 249.333 3397.813 0 0
250 2 12 3 1 0.102 0.336 0.116 0.972 0.099 247.068 2837 249.316 3248.087 0 0
250 3 12 3 1 0.102 0.336 0.116 0.972 0.099 246.172 2705 249.083 3066.38 0 0
250 4 12 3 1 0.102 0.336 0.116 0.972 0.099 247.304 2664 249.317 3416.24 0 0
250 5 12 3 1 0.102 0.336 0.116 0.972 0.099 245.995 2611 249.158 3126.387 0 0
250 6 12 3 1 0.102 0.336 0.116 0.972 0.099 246.45 2787 249.223 3340.673 0 0
250 7 12 3 1 0.102 0.336 0.116 0.972 0.099 246.077 2760 249.156 3338.533 0 0
250 8 12 3 1 0.102 0.336 0.116 0.972 0.099 247.146 2763 249.13 3170.113 0 0
250 9 12 3 1 0.102 0.336 0.116 0.972 0.099 245.925 2647 249.125 3161.633 0 0
250 10 12 3 1 0.102 0.336 0.116 0.972 0.099 246.597 2516 249.049 3060.52 0 0
250 1 12 3 1 0.029 0.298 0.455 0.89 0.615 2.535 48 7.055 82.047 0.287 0
250 2 12 3 1 0.029 0.298 0.455 0.89 0.615 3.725 64 6.637 92.32 0.1 0
250 3 12 3 1 0.029 0.298 0.455 0.89 0.615 3.452 52 7.896 93.133 0.053 0
250 4 12 3 1 0.029 0.298 0.455 0.89 0.615 0 0 0 0 1 1
250 5 12 3 1 0.029 0.298 0.455 0.89 0.615 4.306 48 8.292 92.987 0.073 0
250 6 12 3 1 0.029 0.298 0.455 0.89 0.615 2.633 50 6.383 84.953 0.267 0
250 7 12 3 1 0.029 0.298 0.455 0.89 0.615 4.125 48 6.601 92.9 0.067 0
250 8 12 3 1 0.029 0.298 0.455 0.89 0.615 3.899 48 8.606 97.88 0.073 0
250 9 12 3 1 0.029 0.298 0.455 0.89 0.615 0 0 0 0 1 1
250 10 12 3 1 0.029 0.298 0.455 0.89 0.615 4.37 52 6.703 89.913 0.1 0
250 1 12 3 1 0.096 0.125 0.475 0.884 0.562 5.897 70 7.963 99.793 0 0
250 2 12 3 1 0.096 0.125 0.475 0.884 0.562 5.755 55 8.106 94.267 0 0
250 3 12 3 1 0.096 0.125 0.475 0.884 0.562 0 0 0 0 1 1
250 4 12 3 1 0.096 0.125 0.475 0.884 0.562 5.518 62 8.68 95.78 0 0
250 5 12 3 1 0.096 0.125 0.475 0.884 0.562 6.022 52 9.476 96.927 0 0
250 6 12 3 1 0.096 0.125 0.475 0.884 0.562 4.447 52 8.119 89.347 0.02 0
250 7 12 3 1 0.096 0.125 0.475 0.884 0.562 5.986 58 8.699 98.493 0 0
250 8 12 3 1 0.096 0.125 0.475 0.884 0.562 3.562 55 6.763 92.833 0.16 0
250 9 12 3 1 0.096 0.125 0.475 0.884 0.562 6.146 62 9.319 96.4 0 0
250 10 12 3 1 0.096 0.125 0.475 0.884 0.562 6.881 55 9.06 100.82 0 0
250 1 12 3 1 0.009 0.202 0.175 0.786 0.522 1.929 24 4.464 64.953 0.68 0
250 2 12 3 1 0.009 0.202 0.175 0.786 0.522 0 0 0 0 1 1
250 3 12 3 1 0.009 0.202 0.175 0.786 0.522 3.856 35 7.046 91.88 0.1 0
250 4 12 3 1 0.009 0.202 0.175 0.786 0.522 0 0 0 0 1 1
250 5 12 3 1 0.009 0.202 0.175 0.786 0.522 4.571 52 6.754 87.553 0.027 0
250 6 12 3 1 0.009 0.202 0.175 0.786 0.522 4.164 51 6.869 92.28 0.04 0
250 7 12 3 1 0.009 0.202 0.175 0.786 0.522 0 0 0 0 1 1
250 8 12 3 1 0.009 0.202 0.175 0.786 0.522 4.165 52 7.275 85.76 0.133 0
250 9 12 3 1 0.009 0.202 0.175 0.786 0.522 3.97 61 8.228 102.267 0.073 0
250 10 12 3 1 0.009 0.202 0.175 0.786 0.522 0 0 0.39 5.013 1 0.84
250 1 12 3 1 0.02 0.223 0.017 0.774 0.443 0 0 0 0 1 1
250 2 12 3 1 0.02 0.223 0.017 0.774 0.443 0 0 0 0 1 1
250 3 12 3 1 0.02 0.223 0.017 0.774 0.443 0 0 0 0 1 1
250 4 12 3 1 0.02 0.223 0.017 0.774 0.443 0 0 0 0 1 1
250 5 12 3 1 0.02 0.223 0.017 0.774 0.443 0 0 0 0 1 1
250 1 12 3 0 0.116 0.345 0.235 0.892 0.8 4.961 55 7.911 92.18 0.007 0
250 2 12 3 0 0.116 0.345 0.235 0.892 0.8 4.694 56 8.325 91.187 0.027 0
250 3 12 3 0 0.116 0.345 0.235 0.892 0.8 3.715 59 6.647 90.053 0.173 0
250 4 12 3 0 0.116 0.345 0.235 0.892 0.8 4.893 62 7.637 90.067 0.007 0
250 5 12 3 0 0.116 0.345 0.235 0.892 0.8 3.918 54 6.024 81.947 0.167 0
250 6 12 3 0 0.116 0.345 0.235 0.892 0.8 5.051 58 8.007 92.873 0 0
250 7 12 3 0 0.116 0.345 0.235 0.892 0.8 4.552 63 7.504 91.06 0.067 0
250 8 12 3 0 0.116 0.345 0.235 0.892 0.8 5.749 61 8.805 95.58 0 0
250 9 12 3 0 0.116 0.345 0.235 0.892 0.8 5.241 60 8.137 97.113 0 0
250 10 12 3 0 0.116 0.345 0.235 0.892 0.8 3.692 56 6.534 88.753 0.127 0
250 1 12 3 0 0.091 0.35 0.473 0.923 0.995 3.278 47 5.753 83.253 0.34 0
250 2 12 3 0 0.091 0.35 0.473 0.923 0.995 6.577 55 9.119 95.5 0 0
250 3 12 3 0 0.091 0.35 0.473 0.923 0.995 3.567 49 6.081 79.94 0.187 0
250 4 12 3 0 0.091 0.35 0.473 0.923 0.995 3.854 38 6.803 80.46 0.14 0
250 5 12 3 0 0.091 0.35 0.473 0.923 0.995 4.263 57 8.245 91.173 0.027 0
250 6 12 3 0 0.091 0.35 0.473 0.923 0.995 3.962 57 7.684 88.08 0.06 0
250 7 12 3 0 0.091 0.35 0.473 0.923 0.995 3.758 52 7.284 88.327 0.1 0
250 8 12 3 0 0.091 0.35 0.473 0.923 0.995 5.702 63 8.566 98.94 0 0
250 9 12 3 0 0.091 0.35 0.473 0.923 0.995 6.474 56 8.579 98.833 0 0
250 10 12 3 0 0.091 0.35 0.473 0.923 0.995 5.665 61 9.014 93.527 0 0
250 1 12 3 0 0.074 0.331 0.443 0.81 0.492 4.909 45 7.29 85.207 0.007 0
250 2 12 3 0 0.074 0.331 0.443 0.81 0.492 4.887 69 8.599 98.8 0.013 0
250 3 12 3 0 0.074 0.331 0.443 0.81 0.492 3.927 47 5.65 76.267 0.32 0
250 4 12 3 0 0.074 0.331 0.443 0.81 0.492 4.415 50 6.806 82.967 0.107 0
250 5 12 3 0 0.074 0.331 0.443 0.81 0.492 3.327 47 6.057 79.913 0.24 0
250 6 12 3 0 0.074 0.331 0.443 0.81 0.492 3.959 52 7.457 83.74 0.08 0
250 7 12 3 0 0.074 0.331 0.443 0.81 0.492 3.359 56 7.335 91.147 0.1 0
250 8 12 3 0 0.074 0.331 0.443 0.81 0.492 4.68 49 7.617 86.933 0.013 0
250 9 12 3 0 0.074 0.331 0.443 0.81 0.492 4.421 56 7.356 93.147 0.033 0
250 10 12 3 0 0.074 0.331 0.443 0.81 0.492 4.819 61 7.47 88.273 0.007 0
250 1 12 3 0 0.106 0.465 0.192 0.765 0.577 0 0 0 0 1 1
250 2 12 3 0 0.106 0.465 0.192 0.765 0.577 0 0 0 0 1 1
250 3 12 3 0 0.106 0.465 0.192 0.765 0.577 0 0 0 0 1 1
250 4 12 3 0 0.106 0.465 0.192 0.765 0.577 0 0 0 0 1 1
250 5 12 3 0 0.106 0.465 0.192 0.765 0.577 0 0 0 0 1 1
250 6 12 3 0 0.106 0.465 0.192 0.765 0.577 0 0 0 0 1 1
250 7 12 3 0 0.106 0.465 0.192 0.765 0.577 0 0 0 0 1 1
250 8 12 3 0 0.106 0.465 0.192 0.765 0.577 0 0 0 0 1 1
250 9 12 3 0 0.106 0.465 0.192 0.765 0.577 0 0 0 0 1 1
250 10 12 3 0 0.106 0.465 0.192 0.765 0.577 0 0 0 0 1 1
250 1 12 3 0 0.067 0.368 0.351 0.856 0.283 0 0 0 0 1 1
250 2 12 3 0 0.067 0.368 0.351 0.856 0.283 0 0 0 0 1 1
250 3 12 3 0 0.067 0.368 0.351 0.856 0.283 0 0 0 0 1 1
250 4 12 3 0 0.067 0.368 0.351 0.856 0.283 0 0 0 0 1 1
250 5 12 3 0 0.067 0.368 0.351 0.856 0.283 0 0 0 0 1 1
250 6 12 3 0 0.067 0.368 0.351 0.856 0.283 0 0 0 0 1 1
250 7 12 3 0 0.067 0.368 0.351 0.856 0.283 0 0 0 0 1 1
250 8 12 3 0 0.067 0.368 0.351 0.856 0.283 0 0 0 0 1 1
250 9 12 3 0 0.067 0.368 0.351 0.856 0.283 0 0 0 0 1 1
250 10 12 3 0 0.067 0.368 0.351 0.856 0.283 0 0 0 0 1 1
250 1 12 3 0 0.052 0.165 0.008 0.837 0.604 0 0 0 0 1 1
250 2 12 3 0 0.052 0.165 0.008 0.837 0.604 0 0 0 0 1 1
250 3 12 3 0 0.052 0.165 0.008 0.837 0.604 0 0 0 0 1 1
250 4 12 3 0 0.052 0.165 0.008 0.837 0.604 0 0 0 0 1 1
250 5 12 3 0 0.052 0.165 0.008 0.837 0.604 0 0 0 0 1 1
250 6 12 3 0 0.052 0.165 0.008 0.837 0.604 0 0 0 0 1 1
250 7 12 3 0 0.052 0.165 0.008 0.837 0.604 0 0 0 0 1 1
250 8 12 3 0 0.052 0.165 0.008 0.837 0.604 0 0 0 0 1 1
250 9 12 3 0 0.052 0.165 0.008 0.837 0.604 0 0 0 0 1 1
250 10 12 3 0 0.052 0.165 0.008 0.837 0.604 0 0 0 0 1 1
250 1 12 3 0 0.116 0.144 0.402 0.822 0.172 0 0 0 0 1 1
250 2 12 3 0 0.116 0.144 0.402 0.822 0.172 0 0 0 0 1 1
250 3 12 3 0 0.116 0.144 0.402 0.822 0.172 5.208 49 9.703 98.053 0 0
250 4 12 3 0 0.116 0.144 0.402 0.822 0.172 0 0 0 0 1 1
250 5 12 3 0 0.116 0.144 0.402 0.822 0.172 4.361 59 8.198 91.827 0.007 0
250 6 12 3 0 0.116 0.144 0.402 0.822 0.172 1.584 37 5.704 72.927 0.4 0
250 7 12 3 0 0.116 0.144 0.402 0.822 0.172 3.329 57 5.637 83.04 0.26 0
250 8 12 3 0 0.116 0.144 0.402 0.822 0.172 4.6 54 6.607 82.84 0.06 0
250 9 12 3 0 0.116 0.144 0.402 0.822 0.172 0 0 0 0 1 1
250 10 12 3 0 0.116 0.144 0.402 0.822 0.172 0 0 0 0 1 1
250 1 12 3 0 0.116 0.463 0.343 0.855 0.232 234.016 839 237.816 1167.433 0 0
250 2 12 3 0 0.116 0.463 0.343 0.855 0.232 217.461 797 233.465 1179.06 0 0
250 3 12 3 0 0.116 0.463 0.343 0.855 0.232 235.383 900 239.732 1262.227 0 0
250 4 12 3 0 0.116 0.463 0.343 0.855 0.232 232.01 946 240.598 1247.2 0 0
250 5 12 3 0 0.116 0.463 0.343 0.855 0.232 227.553 814 237.55 1140.167 0 0
250 6 12 3 0 0.116 0.463 0.343 0.855 0.232 219.2 800 226.506 1104.853 0 0
250 1 12 3 0 0.072 0.306 0.473 0.942 0.565 4.256 63 8.451 97.7 0.013 0
250 2 12 3 0 0.072 0.306 0.473 0.942 0.565 6.011 57 8.062 91.227 0 0
250 3 12 3 0 0.072 0.306 0.473 0.942 0.565 7.936 52 10.63 96.027 0 0
250 4 12 3 0 0.072 0.306 0.473 0.942 0.565 3.81 49 5.48 77.007 0.347 0
250 5 12 3 0 0.072 0.306 0.473 0.942 0.565 4.514 57 8.321 95.273 0.02 0
250 6 12 3 0 0.072 0.306 0.473 0.942 0.565 4.761 59 8.294 97.94 0.013 0
250 7 12 3 0 0.072 0.306 0.473 0.942 0.565 6.251 68 9.053 99.307 0 0
250 8 12 3 0 0.072 0.306 0.473 0.942 0.565 6.811 59 8.919 94.98 0 0
250 9 12 3 0 0.072 0.306 0.473 0.942 0.565 4.651 69 7.278 98.64 0.027 0
250 10 12 3 0 0.072 0.306 0.473 0.942 0.565 3.879 49 6.634 85.6 0.207 0
250 1 12 3 0 0.012 0.364 0.187 0.927 0.398 6.598 68 9.997 111.62 0 0
250 2 12 3 0 0.012 0.364 0.187 0.927 0.398 0 0 0 0 1 1
250 3 12 3 0 0.012 0.364 0.187 0.927 0.398 0 0 0 0 1 1
250 4 12 3 0 0.012 0.364 0.187 0.927 0.398 0 0 0 0 1 1
250 5 12 3 0 0.012 0.364 0.187 0.927 0.398 0 0 0 0 1 1
250 6 12 3 0 0.012 0.364 0.187 0.927 0.398 5.262 57 9.506 94.507 0 0
250 7 12 3 0 0.012 0.364 0.187 0.927 0.398 10.368 84 14.698 126.12 0 0
250 8 12 3 0 0.012 0.364 0.187 0.927 0.398 0 0 0 0 1 1
250 9 12 3 0 0.012 0.364 0.187 0.927 0.398 0 0 0 0 1 1
250 10 12 3 0 0.012 0.364 0.187 0.927 0.398 0 0 0 0 1 1
250 1 12 3 0 0.042 0.303 0.123 0.898 0.142 244.327 1835 248.019 2209.153 0 0
250 2 12 3 0 0.042 0.303 0.123 0.898 0.142 245.035 1859 248.146 2240.68 0 0
250 3 12 3 0 0.042 0.303 0.123 0.898 0.142 243.714 1748 248.519 2159.68 0 0
250 4 12 3 0 0.042 0.303 0.123 0.898 0.142 243.934 1632 248.205 2217.107 0 0
250 5 12 3 0 0.042 0.303 0.123 0.898 0.142 246.122 1847 248.467 2290.927 0 0
250 6 12 3 0 0.042 0.303 0.123 0.898 0.142 245.253 1641 248.109 2141.38 0 0
250 7 12 3 0 0.042 0.303 0.123 0.898 0.142 245.045 1734 248.154 2194.687 0 0
250 8 12 3 0 0.042 0.303 0.123 0.898 0.142 244.275 1801 248.319 2194.22 0 0
250 9 12 3 0 0.042 0.303 0.123 0.898 0.142 244.155 1765 247.967 2296.813 0 0
250 10 12 3 0 0.042 0.303 0.123 0.898 0.142 244.574 1714 247.721 2215.28 0 0
250 1 12 3 0 0.041 0.471 0.397 0.792 0.42 0 0 0 0 1 1
250 2 12 3 0 0.041 0.471 0.397 0.792 0.42 4.516 50 6.652 82.947 0.053 0
250 3 12 3 0 0.041 0.471 0.397 0.792 0.42 2.83 43 5.837 76.6 0.5 0
250 4 12 3 0 0.041 0.471 0.397 0.792 0.42 6.291 54 8.281 94.653 0 0
250 5 12 3 0 0.041 0.471 0.397 0.792 0.42 0 0 0.052 2.613 1 0.933
250 6 12 3 0 0.041 0.471 0.397 0.792 0.42 0 0 0 0 1 1
250 7 12 3 0 0.041 0.471 0.397 0.792 0.42 5.341 66 8.769 99.96 0 0
250 8 12 3 0 0.041 0.471 0.397 0.792 0.42 0 0 0 0 1 1
250 9 12 3 0 0.041 0.471 0.397 0.792 0.42 2.735 47 5.521 76.253 0.467 0
250 10 12 3 0 0.041 0.471 0.397 0.792 0.42 3.277 52 5.727 79.52 0.46 0
250 1 12 3 0 0.104 0.257 0.049 0.982 0.785 4.801 52 7.349 89.613 0.013 0
250 2 12 3 0 0.104 0.257 0.049 0.982 0.785 0 0 0 0 1 1
250 3 12 3 0 0.104 0.257 0.049 0.982 0.785 3.068 49 6.15 82.44 0.213 0
250 4 12 3 0 0.104 0.257 0.049 0.982 0.785 7.542 58 10.205 87.46 0 0
250 5 12 3 0 0.104 0.257 0.049 0.982 0.785 6.153 61 8.437 89.007 0 0
250 6 12 3 0 0.104 0.257 0.049 0.982 0.785 0 0 0 0 1 1
250 7 12 3 0 0.104 0.257 0.049 0.982 0.785 4.769 59 6.945 87.873 0.013 0
250 8 12 3 0 0.104 0.257 0.049 0.982 0.785 4.52 52 7.094 83.32 0.013 0
250 9 12 3 0 0.104 0.257 0.049 0.982 0.785 3.706 48 7.519 82.647 0.067 0
250 10 12 3 0 0.104 0.257 0.049 0.982 0.785 0 0 0 0 1 1
250 1 12 3 0 0.01 0.496 0.062 0.81 0.16 243.512 1555 247.647 1978.48 0 0
250 2 12 3 0 0.01 0.496 0.062 0.81 0.16 243.158 1589 247.276 2063.393 0 0
250 3 12 3 0 0.01 0.496 0.062 0.81 0.16 243.39 1822 247.712 2219.367 0 0
250 4 12 3 0 0.01 0.496 0.062 0.81 0.16 244.061 1738 247.706 2218.587 0 0
250 5 12 3 0 0.01 0.496 0.062 0.81 0.16 241.869 1669 247.216 1975.427 0 0
250 6 12 3 0 0.01 0.496 0.062 0.81 0.16 242.347 1704 247.578 2077.293 0 0
250 7 12 3 0 0.01 0.496 0.062 0.81 0.16 244.454 1616 247.807 2037.733 0 0
250 8 12 3 0 0.01 0.496 0.062 0.81 0.16 244.538 1805 247.629 2212.773 0 0
