90250 1 20 4 1 0.074 0.157 0.475 0.992 0.256 198.127 0 212.356 92.533 0 0.14
90250 2 20 4 1 0.074 0.157 0.475 0.992 0.256 164.302 0 189.674 66.8 0 0.26
90250 3 20 4 1 0.074 0.157 0.475 0.992 0.256 177.802 0 197.675 64.433 0 0.24
90250 4 20 4 1 0.074 0.157 0.475 0.992 0.256 29.839 57 49.843 188.72 0 0
90250 5 20 4 1 0.074 0.157 0.475 0.992 0.256 122.568 1 154.444 91.593 0 0.107
90250 6 20 4 1 0.074 0.157 0.475 0.992 0.256 39.046 60 51.464 198.6 0 0
90250 7 20 4 1 0.074 0.157 0.475 0.992 0.256 161.962 0 185.125 75.153 0 0.153
90250 8 20 4 1 0.074 0.157 0.475 0.992 0.256 107.657 0 134.618 65.847 0 0.113
90250 9 20 4 1 0.074 0.157 0.475 0.992 0.256 155.856 2 184.468 80.533 0 0.067
90250 10 20 4 1 0.074 0.157 0.475 0.992 0.256 170.951 0 184.548 72.24 0 0.227
90250 1 20 4 1 0.01 0.011 0.27 0.888 0.621 236.695 0 247.539 110.38 0 0.693
90250 2 20 4 1 0.01 0.011 0.27 0.888 0.621 239.084 0 247.356 119.793 0 0.727
90250 3 20 4 1 0.01 0.011 0.27 0.888 0.621 237.205 0 247.513 100.653 0 0.713
90250 4 20 4 1 0.01 0.011 0.27 0.888 0.621 233.198 0 247.13 96.3 0 0.76
90250 5 20 4 1 0.01 0.011 0.27 0.888 0.621 236.502 0 246.912 85.253 0 0.733
90250 6 20 4 1 0.01 0.011 0.27 0.888 0.621 237.36 0 247.751 109.4 0 0.673
90250 7 20 4 1 0.01 0.011 0.27 0.888 0.621 236.648 0 247.184 106.413 0 0.693
90250 8 20 4 1 0.01 0.011 0.27 0.888 0.621 235.531 1 246.798 114.707 0 0.74
90250 9 20 4 1 0.01 0.011 0.27 0.888 0.621 236.288 2 247.698 101.78 0 0.693
90250 10 20 4 1 0.01 0.011 0.27 0.888 0.621 234.98 0 246.185 99.727 0 0.707
90250 1 20 4 1 0.097 0.185 0.211 0.954 0.084 250 53727 250 58631.867 0 0
90250 2 20 4 1 0.097 0.185 0.211 0.954 0.084 250 37992 250 49218.473 0 0
90250 3 20 4 1 0.097 0.185 0.211 0.954 0.084 250 56792 250 64229.013 0 0
90250 4 20 4 1 0.097 0.185 0.211 0.954 0.084 250 45999 250 57056.553 0 0
90250 1 20 3 1 0.044 0.071 0.202 0.918 0.242 142.198 826 150.639 1246.007 0 0
90250 2 20 3 1 0.044 0.071 0.202 0.918 0.242 132.091 561 140.895 870.587 0 0
90250 3 20 3 1 0.044 0.071 0.202 0.918 0.242 157.022 735 162.523 1097.8 0 0
90250 4 20 3 1 0.044 0.071 0.202 0.918 0.242 112.468 338 121.1 822.787 0 0
90250 5 20 3 1 0.044 0.071 0.202 0.918 0.242 158.282 604 169.598 1332.947 0 0
90250 6 20 3 1 0.044 0.071 0.202 0.918 0.242 171.443 1017 174.887 1711.093 0 0
90250 7 20 3 1 0.044 0.071 0.202 0.918 0.242 160.574 1646 181.437 2564.36 0 0
90250 8 20 3 1 0.044 0.071 0.202 0.918 0.242 174.866 725 185.609 1044.12 0 0
90250 9 20 3 1 0.044 0.071 0.202 0.918 0.242 166.011 514 172.901 900.267 0 0
90250 10 20 3 1 0.044 0.071 0.202 0.918 0.242 174.924 496 187.995 1046.38 0 0
90250 1 20 3 1 0.091 0.322 0.193 0.926 0.455 249.05 20901 249.95 23949.547 0 0
90250 2 20 3 1 0.091 0.322 0.193 0.926 0.455 243.05 21476 248.539 29009.173 0 0
90250 3 20 3 1 0.091 0.322 0.193 0.926 0.455 245.5 19964 248.695 23286.46 0 0
90250 4 20 3 1 0.091 0.322 0.193 0.926 0.455 249.565 24309 249.992 27708.48 0 0
90250 5 20 3 1 0.091 0.322 0.193 0.926 0.455 248.148 25426 249.882 30496.44 0 0
90250 6 20 3 1 0.091 0.322 0.193 0.926 0.455 248.196 27216 249.836 31220.907 0 0
90250 7 20 3 1 0.091 0.322 0.193 0.926 0.455 248.291 23813 249.888 27636.447 0 0
90250 8 20 3 1 0.091 0.322 0.193 0.926 0.455 245 28066 249.405 30656.66 0 0
90250 9 20 3 1 0.091 0.322 0.193 0.926 0.455 248.964 19383 249.895 30003.267 0 0
90250 10 20 3 1 0.091 0.322 0.193 0.926 0.455 246.785 23178 249.644 27237.233 0 0
90250 1 20 3 1 0.08 0.168 0.008 0.863 0.581 248.905 13956 249.944 16673.127 0 0
90250 2 20 3 1 0.08 0.168 0.008 0.863 0.581 248.294 12277 249.94 14321.973 0 0
90250 3 20 3 1 0.08 0.168 0.008 0.863 0.581 249.212 15939 249.966 18159.44 0 0
90250 4 20 3 1 0.08 0.168 0.008 0.863 0.581 248.244 11209 249.75 14416.527 0 0
90250 5 20 3 1 0.08 0.168 0.008 0.863 0.581 249.43 14607 249.988 18530.573 0 0
90250 6 20 3 1 0.08 0.168 0.008 0.863 0.581 248.951 11059 249.889 14750.667 0 0
90250 1 20 7 1 0.01 0.325 0.152 0.834 0.836 220.66 0 236.671 55.06 0 0.533
90250 2 20 7 1 0.01 0.325 0.152 0.834 0.836 214.753 0 231.773 56.127 0 0.547
90250 3 20 7 1 0.01 0.325 0.152 0.834 0.836 216.689 0 232.808 55.193 0 0.587
90250 4 20 7 1 0.01 0.325 0.152 0.834 0.836 219.076 0 230.487 51.033 0 0.553
90250 5 20 7 1 0.01 0.325 0.152 0.834 0.836 208.389 0 231.324 52.127 0 0.547
90250 6 20 7 1 0.01 0.325 0.152 0.834 0.836 224.804 0 235.808 55.507 0 0.567
90250 7 20 7 1 0.01 0.325 0.152 0.834 0.836 230.195 0 238.283 45.153 0 0.52
90250 8 20 7 1 0.01 0.325 0.152 0.834 0.836 216.723 0 228.1 50.893 0 0.513
90250 9 20 7 1 0.01 0.325 0.152 0.834 0.836 221.788 1 235.488 54.473 0 0.58
90250 10 20 7 1 0.01 0.325 0.152 0.834 0.836 222.725 0 235.164 50.1 0 0.573
90250 1 20 7 1 0.037 0.21 0.204 0.854 0.385 245.972 10308 249.357 14577.46 0 0
90250 2 20 7 1 0.037 0.21 0.204 0.854 0.385 245.851 9452 249.216 14065.167 0 0
90250 3 20 7 1 0.037 0.21 0.204 0.854 0.385 248.693 8395 249.926 11019.44 0 0
90250 4 20 7 1 0.037 0.21 0.204 0.854 0.385 248.95 6721 249.938 11668.22 0 0
90250 5 20 7 1 0.037 0.21 0.204 0.854 0.385 245.304 7939 249.404 10714.647 0 0
90250 6 20 7 1 0.037 0.21 0.204 0.854 0.385 247.956 7372 249.628 9894.913 0 0
90250 7 20 7 1 0.037 0.21 0.204 0.854 0.385 246.968 9827 249.626 14109.7 0 0
90250 8 20 7 1 0.037 0.21 0.204 0.854 0.385 249.196 8939 249.952 11378.793 0 0
90250 9 20 7 1 0.037 0.21 0.204 0.854 0.385 248.824 11819 249.848 14893.82 0 0
90250 10 20 7 1 0.037 0.21 0.204 0.854 0.385 244.949 10156 249.518 13601.28 0 0
90250 1 20 7 1 0.059 0.048 0.098 0.815 0.576 242.761 0 247.769 67.527 0 0.68
90250 2 20 7 1 0.059 0.048 0.098 0.815 0.576 237.857 0 248.052 105.347 0 0.76
90250 3 20 7 1 0.059 0.048 0.098 0.815 0.576 240.397 1 248.385 75.133 0 0.727
90250 4 20 7 1 0.059 0.048 0.098 0.815 0.576 239.181 0 247.885 70.733 0 0.747
90250 5 20 7 1 0.059 0.048 0.098 0.815 0.576 239.987 0 248.195 75.567 0 0.773
90250 6 20 7 1 0.059 0.048 0.098 0.815 0.576 241.269 1 248.203 79.527 0 0.673
90250 7 20 7 1 0.059 0.048 0.098 0.815 0.576 238.817 0 248.327 78.6 0 0.72
90250 8 20 7 1 0.059 0.048 0.098 0.815 0.576 242.649 0 248.71 89.653 0 0.76
90250 9 20 7 1 0.059 0.048 0.098 0.815 0.576 237.983 0 248.089 76.98 0 0.727
90250 10 20 7 1 0.059 0.048 0.098 0.815 0.576 242.194 0 248.633 75.667 0 0.78
90250 1 20 7 1 0.088 0.172 0.175 0.955 0.873 240.062 0 247.936 96.073 0 0.687
90250 2 20 7 1 0.088 0.172 0.175 0.955 0.873 242.848 0 248.418 77.147 0 0.727
90250 3 20 7 1 0.088 0.172 0.175 0.955 0.873 240.567 0 248.236 81.207 0 0.707
90250 4 20 7 1 0.088 0.172 0.175 0.955 0.873 234.588 1 247.667 85.373 0 0.753
90250 5 20 7 1 0.088 0.172 0.175 0.955 0.873 237.484 1 247.976 91.66 0 0.713
90250 6 20 7 1 0.088 0.172 0.175 0.955 0.873 236.768 0 248.02 82.527 0 0.773
90250 7 20 7 1 0.088 0.172 0.175 0.955 0.873 238.062 1 248.197 77.813 0 0.767
90250 8 20 7 1 0.088 0.172 0.175 0.955 0.873 241.397 0 248.312 76.9 0 0.667
90250 9 20 7 1 0.088 0.172 0.175 0.955 0.873 240.25 1 248.273 83.933 0 0.727
90250 10 20 7 1 0.088 0.172 0.175 0.955 0.873 242.841 2 248.668 65.76 0 0.7
90250 1 20 7 1 0.037 0.019 0.25 0.909 0.374 233.757 0 248.12 80.133 0 0.72
90250 2 20 7 1 0.037 0.019 0.25 0.909 0.374 238.568 0 248.08 77.593 0 0.767
90250 3 20 7 1 0.037 0.019 0.25 0.909 0.374 241.703 0 248.754 86.12 0 0.767
90250 4 20 7 1 0.037 0.019 0.25 0.909 0.374 241.313 1 248.347 96.247 0 0.733
90250 5 20 7 1 0.037 0.019 0.25 0.909 0.374 241.902 0 248.622 71.253 0 0.7
90250 6 20 7 1 0.037 0.019 0.25 0.909 0.374 241.137 1 248.548 81.213 0 0.747
90250 7 20 7 1 0.037 0.019 0.25 0.909 0.374 243.043 0 248.656 80.28 0 0.7
90250 8 20 7 1 0.037 0.019 0.25 0.909 0.374 238.44 0 248.034 92.647 0 0.76
90250 9 20 7 1 0.037 0.019 0.25 0.909 0.374 242.415 0 248.527 83.513 0 0.7
90250 1 20 5 0 0.031 0.384 0.19 0.83 0.948 241.865 0 248.235 84.947 0 0.72
90250 2 20 5 0 0.031 0.384 0.19 0.83 0.948 236.765 0 248.337 94.587 0 0.727
90250 3 20 5 0 0.031 0.384 0.19 0.83 0.948 238.585 1 247.737 88.78 0 0.733
90250 4 20 5 0 0.031 0.384 0.19 0.83 0.948 238.763 0 247.679 84.507 0 0.7
90250 5 20 5 0 0.031 0.384 0.19 0.83 0.948 240.315 0 248.249 76.8 0 0.747
90250 6 20 5 0 0.031 0.384 0.19 0.83 0.948 237.201 0 247.372 87.907 0 0.747
90250 7 20 5 0 0.031 0.384 0.19 0.83 0.948 241.052 0 248.445 86.24 0 0.74
90250 8 20 5 0 0.031 0.384 0.19 0.83 0.948 238.892 1 248.14 87.453 0 0.767
90250 9 20 5 0 0.031 0.384 0.19 0.83 0.948 237.019 1 248.195 93.06 0 0.727
90250 10 20 5 0 0.031 0.384 0.19 0.83 0.948 239.222 1 247.9 108.307 0 0.66
90250 1 20 5 0 0.101 0.059 0.375 0.767 0.078 237.982 1 244.521 393.967 0 0.373
90250 2 20 5 0 0.101 0.059 0.375 0.767 0.078 228.911 2 238.232 379.993 0 0.233
90250 3 20 5 0 0.101 0.059 0.375 0.767 0.078 226.17 3 236.825 239.4 0 0.293
90250 4 20 5 0 0.101 0.059 0.375 0.767 0.078 229.967 1 244.27 312.307 0 0.427
90250 5 20 5 0 0.101 0.059 0.375 0.767 0.078 230.249 2 241.915 292.573 0 0.24
90250 6 20 5 0 0.101 0.059 0.375 0.767 0.078 232.324 1 243.132 411.8 0 0.287
90250 7 20 5 0 0.101 0.059 0.375 0.767 0.078 239.3 2 244.868 399.953 0 0.26
90250 8 20 5 0 0.101 0.059 0.375 0.767 0.078 225.555 1 239.776 425.433 0 0.373
90250 9 20 5 0 0.101 0.059 0.375 0.767 0.078 233.972 2 243.705 334.527 0 0.287
90250 10 20 5 0 0.101 0.059 0.375 0.767 0.078 234.453 1 245.281 333.52 0 0.58
90250 1 20 5 0 0.008 0.139 0.069 0.831 0.384 245.251 46037 249.677 54161.22 0 0
90250 2 20 5 0 0.008 0.139 0.069 0.831 0.384 246 45213 249.72 56077.213 0 0
90250 3 20 5 0 0.008 0.139 0.069 0.831 0.384 242.703 24140 249.415 47706.673 0 0
90250 4 20 5 0 0.008 0.139 0.069 0.831 0.384 242 41666 249.421 52462.947 0 0
90250 5 20 5 0 0.008 0.139 0.069 0.831 0.384 249 45989 249.986 56587.873 0 0
90250 6 20 5 0 0.008 0.139 0.069 0.831 0.384 247 31603 249.782 46038.787 0 0
90250 1 20 3 1 0.027 0.3 0.199 0.995 0.814 42.821 5 48.235 58.22 0 0.053
90250 2 20 3 1 0.027 0.3 0.199 0.995 0.814 1.776 4 5.753 57.227 0.327 0.047
90250 3 20 3 1 0.027 0.3 0.199 0.995 0.814 0.448 2 4.581 35.267 0.56 0.273
90250 4 20 3 1 0.027 0.3 0.199 0.995 0.814 17.582 3 22.052 67.033 0 0.153
90250 5 20 3 1 0.027 0.3 0.199 0.995 0.814 11.27 2 16.626 58.713 0 0.067
90250 6 20 3 1 0.027 0.3 0.199 0.995 0.814 21.316 1 25.716 70.3 0 0.307
90250 7 20 3 1 0.027 0.3 0.199 0.995 0.814 9.874 1 15.195 65.833 0 0.187
90250 8 20 3 1 0.027 0.3 0.199 0.995 0.814 203.076 2 219.654 106.907 0 0.587
90250 9 20 3 1 0.027 0.3 0.199 0.995 0.814 2.633 1 5.818 44.167 0.387 0.173
90250 10 20 3 1 0.027 0.3 0.199 0.995 0.814 13.087 1 23.53 43.12 0 0.213
90250 1 20 3 1 0.097 0.096 0.203 0.894 0.39 82.613 136 90.627 332.893 0 0
90250 2 20 3 1 0.097 0.096 0.203 0.894 0.39 68.742 64 78.161 231.807 0 0
90250 3 20 3 1 0.097 0.096 0.203 0.894 0.39 60.408 115 68.139 366.98 0 0
90250 4 20 3 1 0.097 0.096 0.203 0.894 0.39 47.645 41 50.269 180.767 0 0
90250 5 20 3 1 0.097 0.096 0.203 0.894 0.39 48.452 51 59.053 199.127 0 0
90250 6 20 3 1 0.097 0.096 0.203 0.894 0.39 61.302 151 70.006 340.687 0 0
90250 7 20 3 1 0.097 0.096 0.203 0.894 0.39 58.075 69 66.504 299.62 0 0
90250 8 20 3 1 0.097 0.096 0.203 0.894 0.39 54.216 79 61.157 232.227 0 0
90250 9 20 3 1 0.097 0.096 0.203 0.894 0.39 34.829 39 50.515 160.493 0 0
90250 10 20 3 1 0.097 0.096 0.203 0.894 0.39 49.509 76 58.413 295.607 0 0
90250 1 20 3 1 0.022 0.16 0.193 0.973 0.787 2.512 3 5.035 57.8 0.507 0.027
90250 2 20 3 1 0.022 0.16 0.193 0.973 0.787 3.224 4 6.222 53.727 0.28 0.033
90250 3 20 3 1 0.022 0.16 0.193 0.973 0.787 1.986 1 10.348 168.1 0.467 0.113
90250 4 20 3 1 0.022 0.16 0.193 0.973 0.787 1.591 2 4.869 48.08 0.667 0.087
90250 5 20 3 1 0.022 0.16 0.193 0.973 0.787 0 0 0 0 1 1
90250 6 20 3 1 0.022 0.16 0.193 0.973 0.787 1.629 9 5.522 61.733 0.433 0.007
90250 7 20 3 1 0.022 0.16 0.193 0.973 0.787 2.775 7 6.03 55.353 0.393 0.007
90250 8 20 3 1 0.022 0.16 0.193 0.973 0.787 0 0 0 0 1 1
90250 9 20 3 1 0.022 0.16 0.193 0.973 0.787 3.653 1 7.478 65.2 0.087 0.047
90250 10 20 3 1 0.022 0.16 0.193 0.973 0.787 0 0 0 0 1 1
90250 1 20 3 1 0.096 0.004 0.246 0.933 0.605 1.681 2 4.991 43.24 0.62 0.133
90250 2 20 3 1 0.096 0.004 0.246 0.933 0.605 7.971 0 17.612 35.887 0 0.14
90250 3 20 3 1 0.096 0.004 0.246 0.933 0.605 129.977 1 137.748 85.553 0 0.413
90250 4 20 3 1 0.096 0.004 0.246 0.933 0.605 61.617 0 65.542 44.06 0 0.587
90250 5 20 3 1 0.096 0.004 0.246 0.933 0.605 59.955 1 78.825 62.013 0 0.18
90250 6 20 3 1 0.096 0.004 0.246 0.933 0.605 1.982 3 4.459 45.247 0.733 0.167
90250 7 20 3 1 0.096 0.004 0.246 0.933 0.605 39.147 2 46.807 47.147 0 0.127
90250 8 20 3 1 0.096 0.004 0.246 0.933 0.605 37.209 4 44.43 72.46 0 0.193
90250 9 20 3 1 0.096 0.004 0.246 0.933 0.605 7.689 1 11.903 68.74 0 0.093
90250 10 20 3 1 0.096 0.004 0.246 0.933 0.605 115.695 0 123.95 82.28 0 0.487
90250 1 20 3 1 0.098 0.459 0.387 0.918 0.112 250 43598 250 54253.54 0 0
90250 2 20 3 1 0.098 0.459 0.387 0.918 0.112 250 49588 250 54483.987 0 0
90250 3 20 3 1 0.098 0.459 0.387 0.918 0.112 250 42775 250 50907.247 0 0
90250 4 20 3 1 0.098 0.459 0.387 0.918 0.112 250 48211 250 54267.8 0 0
90250 5 20 3 1 0.098 0.459 0.387 0.918 0.112 250 34973 250 49932.607 0 0
90250 6 20 3 1 0.098 0.459 0.387 0.918 0.112 250 40906 250 49830.42 0 0
90250 7 20 3 1 0.098 0.459 0.387 0.918 0.112 250 55534 250 62197.527 0 0
90250 8 20 3 1 0.098 0.459 0.387 0.918 0.112 250 52803 250 58656.727 0 0
90250 9 20 3 1 0.098 0.459 0.387 0.918 0.112 250 43298 250 51205.087 0 0
90250 1 20 6 0 0.053 0.059 0.171 0.813 0.075 247.237 25172 249.698 46565.607 0 0
90250 2 20 6 0 0.053 0.059 0.171 0.813 0.075 248.655 43441 249.939 51246.487 0 0
90250 3 20 6 0 0.053 0.059 0.171 0.813 0.075 243.25 34200 249.362 53108.107 0 0
90250 4 20 6 0 0.053 0.059 0.171 0.813 0.075 247.193 34833 249.759 47509.52 0 0
90250 5 20 6 0 0.053 0.059 0.171 0.813 0.075 245.987 27134 249.359 45944.473 0 0
90250 6 20 6 0 0.053 0.059 0.171 0.813 0.075 242.536 36476 248.811 46943.353 0 0
90250 7 20 6 0 0.053 0.059 0.171 0.813 0.075 241 19345 249.207 45868.447 0 0
90250 8 20 6 0 0.053 0.059 0.171 0.813 0.075 247 32876 249.793 54645.647 0 0
90250 9 20 6 0 0.053 0.059 0.171 0.813 0.075 246.893 30232 249.871 50813.713 0 0
90250 1 20 9 0 0.019 0.197 0.021 0.912 0.086 249.099 58400 249.95 66518.26 0 0
90250 2 20 9 0 0.019 0.197 0.021 0.912 0.086 249 57075 249.984 62254.02 0 0
90250 3 20 9 0 0.019 0.197 0.021 0.912 0.086 249 60462 249.993 68110.927 0 0
90250 4 20 9 0 0.019 0.197 0.021 0.912 0.086 247.737 45802 249.879 58190.84 0 0
90250 5 20 9 0 0.019 0.197 0.021 0.912 0.086 249.291 58011 249.992 66086.213 0 0
90250 6 20 9 0 0.019 0.197 0.021 0.912 0.086 250 57476 250 63893.94 0 0
90250 7 20 9 0 0.019 0.197 0.021 0.912 0.086 249 53824 249.956 62566.987 0 0
90250 8 20 9 0 0.019 0.197 0.021 0.912 0.086 248.906 50570 249.992 62573.22 0 0
90250 1 20 10 1 0.067 0.203 0.421 0.896 0.062 250 53341 250 59292.367 0 0
90250 2 20 10 1 0.067 0.203 0.421 0.896 0.062 250 50951 250 58111.493 0 0
90250 3 20 10 1 0.067 0.203 0.421 0.896 0.062 250 49642 250 57398.26 0 0
90250 4 20 10 1 0.067 0.203 0.421 0.896 0.062 250 40556 250 59254.207 0 0
90250 5 20 10 1 0.067 0.203 0.421 0.896 0.062 250 47315 250 54389.473 0 0
90250 6 20 10 1 0.067 0.203 0.421 0.896 0.062 250 40983 250 59990.033 0 0
90250 7 20 10 1 0.067 0.203 0.421 0.896 0.062 250 38516 250 46202.713 0 0
90250 8 20 10 1 0.067 0.203 0.421 0.896 0.062 250 52204 250 56846.493 0 0
90250 1 20 5 1 0.007 0.346 0.199 0.876 0.282 250 36536 250 49048.4 0 0
90250 2 20 5 1 0.007 0.346 0.199 0.876 0.282 250 34036 250 50852.44 0 0
90250 3 20 5 1 0.007 0.346 0.199 0.876 0.282 250 49321 250 57578.527 0 0
90250 4 20 5 1 0.007 0.346 0.199 0.876 0.282 250 50597 250 57502.227 0 0
90250 5 20 5 1 0.007 0.346 0.199 0.876 0.282 250 40035 250 49490.287 0 0
90250 6 20 5 1 0.007 0.346 0.199 0.876 0.282 250 47327 250 56439.087 0 0
90250 7 20 5 1 0.007 0.346 0.199 0.876 0.282 250 44074 250 51744.66 0 0
90250 8 20 5 1 0.007 0.346 0.199 0.876 0.282 250 46004 250 53057.273 0 0
90250 9 20 5 1 0.007 0.346 0.199 0.876 0.282 250 37418 250 50699.913 0 0
90250 1 20 8 1 0.065 0.157 0.34 0.817 0.398 223.491 0 234.794 70.767 0 0.187
90250 2 20 8 1 0.065 0.157 0.34 0.817 0.398 225.55 0 235.957 87.847 0 0.193
90250 3 20 8 1 0.065 0.157 0.34 0.817 0.398 213.846 0 226.503 76.187 0 0.207
90250 4 20 8 1 0.065 0.157 0.34 0.817 0.398 224.015 0 234.604 77.66 0 0.267
90250 5 20 8 1 0.065 0.157 0.34 0.817 0.398 208.322 0 220.203 100.513 0 0.16
90250 6 20 8 1 0.065 0.157 0.34 0.817 0.398 216.103 0 232.994 85.447 0 0.193
90250 7 20 8 1 0.065 0.157 0.34 0.817 0.398 213.071 0 226.693 70.46 0 0.187
90250 8 20 8 1 0.065 0.157 0.34 0.817 0.398 207.236 0 232.576 80.687 0 0.147
90250 9 20 8 1 0.065 0.157 0.34 0.817 0.398 206.772 0 217.282 85.967 0 0.173
90250 10 20 8 1 0.065 0.157 0.34 0.817 0.398 216.486 0 232.722 65.533 0 0.193
90250 1 20 8 1 0.094 0.35 0.055 0.858 0.734 242.47 0 247.31 273.967 0 0.14
90250 2 20 8 1 0.094 0.35 0.055 0.858 0.734 240.74 0 247.15 246.5 0 0.1
90250 3 20 8 1 0.094 0.35 0.055 0.858 0.734 238.444 2 246.762 291.267 0 0.147
90250 4 20 8 1 0.094 0.35 0.055 0.858 0.734 240.362 3 247.126 241.867 0 0.047
90250 5 20 8 1 0.094 0.35 0.055 0.858 0.734 242.013 2 247.268 268.7 0 0.147
90250 6 20 8 1 0.094 0.35 0.055 0.858 0.734 240.471 0 247.044 247.2 0 0.18
90250 7 20 8 1 0.094 0.35 0.055 0.858 0.734 241.662 2 247.329 258.08 0 0.273
90250 8 20 8 1 0.094 0.35 0.055 0.858 0.734 239.948 0 247.374 248.013 0 0.207
90250 9 20 8 1 0.094 0.35 0.055 0.858 0.734 243.258 1 247.297 252.307 0 0.02
90250 10 20 8 1 0.094 0.35 0.055 0.858 0.734 241.97 0 246.918 270.193 0 0.12
90250 1 20 8 1 0.067 0.11 0.066 0.751 0.094 250 56820 250 60249.94 0 0
90250 2 20 8 1 0.067 0.11 0.066 0.751 0.094 250 56993 250 65329.713 0 0
90250 3 20 8 1 0.067 0.11 0.066 0.751 0.094 250 56195 250 60084.46 0 0
90250 4 20 8 1 0.067 0.11 0.066 0.751 0.094 250 50827 250 59220.387 0 0
90250 1 20 4 0 0.077 0.248 0.403 0.89 0.729 231.51 0 247.026 93.793 0 0.733
90250 2 20 4 0 0.077 0.248 0.403 0.89 0.729 241.233 1 247.769 92.193 0 0.713
90250 3 20 4 0 0.077 0.248 0.403 0.89 0.729 235.824 0 246.934 99.213 0 0.72
90250 4 20 4 0 0.077 0.248 0.403 0.89 0.729 230.26 0 246.742 93.74 0 0.7
90250 5 20 4 0 0.077 0.248 0.403 0.89 0.729 237.828 0 247.348 96.307 0 0.687
90250 6 20 4 0 0.077 0.248 0.403 0.89 0.729 236.274 1 246.951 105.207 0 0.687
90250 7 20 4 0 0.077 0.248 0.403 0.89 0.729 235.055 1 246.644 83.407 0 0.74
90250 8 20 4 0 0.077 0.248 0.403 0.89 0.729 237.805 0 247.295 109.687 0 0.72
90250 9 20 4 0 0.077 0.248 0.403 0.89 0.729 236.818 0 247.64 91.853 0 0.707
90250 10 20 4 0 0.077 0.248 0.403 0.89 0.729 237.327 0 247.201 108.067 0 0.72
90250 1 20 4 0 0.063 0.306 0.125 0.797 0.386 247 49419 249.809 55886.913 0 0
90250 2 20 4 0 0.063 0.306 0.125 0.797 0.386 243.893 40361 249.587 50904.433 0 0
90250 3 20 4 0 0.063 0.306 0.125 0.797 0.386 246.971 34207 249.728 43072.293 0 0
90250 4 20 4 0 0.063 0.306 0.125 0.797 0.386 248.947 34125 249.959 46972.187 0 0
90250 5 20 4 0 0.063 0.306 0.125 0.797 0.386 243.39 31575 249.866 47379 0 0
90250 6 20 4 0 0.063 0.306 0.125 0.797 0.386 247.291 31300 249.78 52586.447 0 0
90250 7 20 4 0 0.063 0.306 0.125 0.797 0.386 249.291 55301 249.995 60173.733 0 0
90250 8 20 4 0 0.063 0.306 0.125 0.797 0.386 249.511 43890 249.993 56220.087 0 0
90250 1 20 8 0 0.109 0.301 0.012 0.837 0.37 246.731 46485 249.662 54564.727 0 0
90250 2 20 8 0 0.109 0.301 0.012 0.837 0.37 250 43828 250 52692.273 0 0
90250 3 20 8 0 0.109 0.301 0.012 0.837 0.37 244.923 42687 249.626 55268.233 0 0
90250 4 20 8 0 0.109 0.301 0.012 0.837 0.37 250 49860 250 56779.1 0 0
90250 5 20 8 0 0.109 0.301 0.012 0.837 0.37 250 50413 250 57368.127 0 0
90250 6 20 8 0 0.109 0.301 0.012 0.837 0.37 247 56196 249.695 61841.513 0 0
90250 7 20 8 0 0.109 0.301 0.012 0.837 0.37 247.996 44091 249.946 53423.127 0 0
90250 8 20 8 0 0.109 0.301 0.012 0.837 0.37 250 60366 250 68862.193 0 0
90250 9 20 8 0 0.109 0.301 0.012 0.837 0.37 249.824 35480 249.999 47045.307 0 0
