47500 1 15 7 0 0.063 0.266 0.138 0.753 0.631 0 0 0 0 1 1
47500 2 15 7 0 0.063 0.266 0.138 0.753 0.631 0 0 0 0 1 1
47500 3 15 7 0 0.063 0.266 0.138 0.753 0.631 0 0 0 0 1 1
47500 4 15 7 0 0.063 0.266 0.138 0.753 0.631 0 0 0 0 1 1
47500 5 15 7 0 0.063 0.266 0.138 0.753 0.631 0 0 0 0 1 1
47500 6 15 7 0 0.063 0.266 0.138 0.753 0.631 0 1 2.942 41.413 0.74 0.273
47500 7 15 7 0 0.063 0.266 0.138 0.753 0.631 0 0 0 0 1 1
47500 8 15 7 0 0.063 0.266 0.138 0.753 0.631 0 0 0 0 1 1
47500 9 15 7 0 0.063 0.266 0.138 0.753 0.631 0 0 0 0 1 1
47500 10 15 7 0 0.063 0.266 0.138 0.753 0.631 0 0 0 0 1 1
47500 1 15 7 0 0.073 0.409 0.276 0.813 0.528 0 0 0 0 1 1
47500 2 15 7 0 0.073 0.409 0.276 0.813 0.528 0 0 0 0 1 1
47500 3 15 7 0 0.073 0.409 0.276 0.813 0.528 0 0 0 0 1 1
47500 4 15 7 0 0.073 0.409 0.276 0.813 0.528 0 0 0 0 1 1
47500 5 15 7 0 0.073 0.409 0.276 0.813 0.528 1.681 36 5.127 90.607 0.527 0
47500 6 15 7 0 0.073 0.409 0.276 0.813 0.528 4.963 68 7.418 110.127 0.007 0
47500 7 15 7 0 0.073 0.409 0.276 0.813 0.528 0 0 0 0 1 1
47500 8 15 7 0 0.073 0.409 0.276 0.813 0.528 0 0 0 0 1 1
47500 9 15 7 0 0.073 0.409 0.276 0.813 0.528 0 0 0 0 1 1
47500 10 15 7 0 0.073 0.409 0.276 0.813 0.528 0 0 0 0 1 1
47500 1 15 7 0 0.081 0.376 0.462 0.915 0.762 4.954 42 7.15 91.353 0.013 0
47500 2 15 7 0 0.081 0.376 0.462 0.915 0.762 6.624 30 8.724 79.747 0 0
47500 3 15 7 0 0.081 0.376 0.462 0.915 0.762 4.865 51 7.005 86.9 0.007 0
47500 4 15 7 0 0.081 0.376 0.462 0.915 0.762 5.022 41 7.621 93.16 0 0
47500 5 15 7 0 0.081 0.376 0.462 0.915 0.762 1.591 19 4.098 64.513 0.647 0
47500 6 15 7 0 0.081 0.376 0.462 0.915 0.762 2.514 42 6.056 85 0.3 0
47500 7 15 7 0 0.081 0.376 0.462 0.915 0.762 3.572 58 6.019 89.36 0.207 0
47500 8 15 7 0 0.081 0.376 0.462 0.915 0.762 2.335 39 6.112 76.44 0.24 0
47500 9 15 7 0 0.081 0.376 0.462 0.915 0.762 4.176 46 6.654 86.12 0.087 0
47500 10 15 7 0 0.081 0.376 0.462 0.915 0.762 3.652 50 6.178 86.713 0.16 0
47500 1 15 7 0 0.084 0.276 0.326 0.896 0.686 1.874 21 4.708 71.58 0.62 0
47500 2 15 7 0 0.084 0.276 0.326 0.896 0.686 2.729 51 5.176 86.007 0.453 0
47500 3 15 7 0 0.084 0.276 0.326 0.896 0.686 0 0 0 0 1 1
47500 4 15 7 0 0.084 0.276 0.326 0.896 0.686 0 0 0 0 1 1
47500 5 15 7 0 0.084 0.276 0.326 0.896 0.686 2.783 49 5.141 85.133 0.48 0
47500 6 15 7 0 0.084 0.276 0.326 0.896 0.686 3.125 39 5.83 84.2 0.207 0
47500 7 15 7 0 0.084 0.276 0.326 0.896 0.686 4.057 34 6.913 92.127 0.047 0
47500 8 15 7 0 0.084 0.276 0.326 0.896 0.686 0 0 0 0 1 1
47500 9 15 7 0 0.084 0.276 0.326 0.896 0.686 0 0 0 0 1 1
47500 10 15 7 0 0.084 0.276 0.326 0.896 0.686 2.731 39 5.16 84.247 0.42 0
47500 1 15 7 0 0.073 0.099 0.003 0.807 0.942 0 0 2.78 29.913 0.74 0.48
47500 2 15 7 0 0.073 0.099 0.003 0.807 0.942 0 0 0 0 1 1
47500 3 15 7 0 0.073 0.099 0.003 0.807 0.942 0 0 0 0 1 1
47500 4 15 7 0 0.073 0.099 0.003 0.807 0.942 0 0 0 0 1 1
47500 5 15 7 0 0.073 0.099 0.003 0.807 0.942 0 0 0 0 1 1
47500 6 15 7 0 0.073 0.099 0.003 0.807 0.942 0 0 0 0 1 1
47500 7 15 7 0 0.073 0.099 0.003 0.807 0.942 0 0 0 0 1 1
47500 8 15 7 0 0.073 0.099 0.003 0.807 0.942 0 0 0 0 1 1
47500 9 15 7 0 0.073 0.099 0.003 0.807 0.942 0 0 0 0 1 1
47500 10 15 7 0 0.073 0.099 0.003 0.807 0.942 0 0 0 0 1 1
47500 1 15 7 0 0.108 0.331 0.157 0.898 0.311 0 0 0 0 1 1
47500 2 15 7 0 0.108 0.331 0.157 0.898 0.311 0 0 0 0 1 1
47500 3 15 7 0 0.108 0.331 0.157 0.898 0.311 0 0 0 0 1 1
47500 4 15 7 0 0.108 0.331 0.157 0.898 0.311 0 0 0 0 1 1
47500 5 15 7 0 0.108 0.331 0.157 0.898 0.311 0 0 0 0 1 1
47500 6 15 7 0 0.108 0.331 0.157 0.898 0.311 0 0 0 0 1 1
47500 7 15 7 0 0.108 0.331 0.157 0.898 0.311 0 0 0 0 1 1
47500 8 15 7 0 0.108 0.331 0.157 0.898 0.311 0 0 0 0 1 1
47500 9 15 7 0 0.108 0.331 0.157 0.898 0.311 0 0 0.31 0.047 1 1
47500 10 15 7 0 0.108 0.331 0.157 0.898 0.311 0 0 0 0 1 1
47500 1 15 7 0 0.12 0.386 0.12 0.836 0.011 250 19325 250 20107.167 0 0
47500 2 15 7 0 0.12 0.386 0.12 0.836 0.011 250 20778 250 21653.627 0 0
47500 3 15 7 0 0.12 0.386 0.12 0.836 0.011 250 19487 250 20593.673 0 0
47500 1 15 9 0 0.117 0.486 0.115 0.992 0.614 0 0 0 0 1 1
47500 2 15 9 0 0.117 0.486 0.115 0.992 0.614 0 0 0 0 1 1
47500 3 15 9 0 0.117 0.486 0.115 0.992 0.614 0 0 0 0 1 1
47500 4 15 9 0 0.117 0.486 0.115 0.992 0.614 0 0 0 0 1 1
47500 5 15 9 0 0.117 0.486 0.115 0.992 0.614 0 0 0 0 1 1
47500 6 15 9 0 0.117 0.486 0.115 0.992 0.614 0 0 0 0 1 1
47500 7 15 9 0 0.117 0.486 0.115 0.992 0.614 0 0 0 0 1 1
47500 8 15 9 0 0.117 0.486 0.115 0.992 0.614 0 0 0 0 1 1
47500 9 15 9 0 0.117 0.486 0.115 0.992 0.614 0 0 0 0 1 1
47500 10 15 9 0 0.117 0.486 0.115 0.992 0.614 0 0 0 0 1 1
47500 1 15 9 0 0.024 0.313 0.345 0.796 0.143 239.062 1025 243.545 1788.693 0 0
47500 2 15 9 0 0.024 0.313 0.345 0.796 0.143 232.751 1167 241.313 1746.593 0 0
47500 3 15 9 0 0.024 0.313 0.345 0.796 0.143 236.616 985 242.846 1627.293 0 0
47500 4 15 9 0 0.024 0.313 0.345 0.796 0.143 226.698 1308 239.188 1754.36 0 0
47500 5 15 9 0 0.024 0.313 0.345 0.796 0.143 236.184 1027 243.36 1778.193 0 0
47500 6 15 9 0 0.024 0.313 0.345 0.796 0.143 237.203 1043 243.567 1780.833 0 0
47500 7 15 9 0 0.024 0.313 0.345 0.796 0.143 236.453 1055 242.655 1784.567 0 0
47500 8 15 9 0 0.024 0.313 0.345 0.796 0.143 234.617 1290 241.482 1730.753 0 0
47500 9 15 9 0 0.024 0.313 0.345 0.796 0.143 237.187 1278 243.298 1749.167 0 0
47500 10 15 9 0 0.024 0.313 0.345 0.796 0.143 233.884 763 241.662 1636.513 0 0
47500 1 15 9 0 0.087 0.411 0.123 0.955 0.623 0 0 0 0 1 1
47500 2 15 9 0 0.087 0.411 0.123 0.955 0.623 0 0 0 0 1 1
47500 3 15 9 0 0.087 0.411 0.123 0.955 0.623 0 0 0 0 1 1
47500 4 15 9 0 0.087 0.411 0.123 0.955 0.623 0 0 0 0 1 1
47500 5 15 9 0 0.087 0.411 0.123 0.955 0.623 0 0 0 0 1 1
47500 6 15 9 0 0.087 0.411 0.123 0.955 0.623 0 0 0 0 1 1
47500 7 15 9 0 0.087 0.411 0.123 0.955 0.623 0 0 0 0 1 1
47500 8 15 9 0 0.087 0.411 0.123 0.955 0.623 0 0 0 0 1 1
47500 9 15 9 0 0.087 0.411 0.123 0.955 0.623 0 0 0 0 1 1
47500 10 15 9 0 0.087 0.411 0.123 0.955 0.623 0 0 0 0 1 1
47500 1 15 9 0 0.064 0.279 0.287 0.873 0.451 3.204 65 7.106 107.34 0.26 0
47500 2 15 9 0 0.064 0.279 0.287 0.873 0.451 0.554 6 3.863 48.26 0.693 0.207
47500 3 15 9 0 0.064 0.279 0.287 0.873 0.451 3.81 63 9.97 126.28 0.013 0
47500 4 15 9 0 0.064 0.279 0.287 0.873 0.451 3.998 40 6.73 93.427 0.18 0
47500 5 15 9 0 0.064 0.279 0.287 0.873 0.451 0 0 0 0 1 1
47500 6 15 9 0 0.064 0.279 0.287 0.873 0.451 4.056 57 8.172 114.787 0.1 0
47500 7 15 9 0 0.064 0.279 0.287 0.873 0.451 5.417 55 8.209 114.173 0 0
47500 8 15 9 0 0.064 0.279 0.287 0.873 0.451 0 0 0 0 1 1
47500 9 15 9 0 0.064 0.279 0.287 0.873 0.451 0 0 0 0 1 1
47500 10 15 9 0 0.064 0.279 0.287 0.873 0.451 4.111 47 7.363 101.5 0.127 0
47500 1 15 9 0 0.099 0.318 0.404 0.904 0.992 3.269 30 5.301 77.92 0.34 0
47500 2 15 9 0 0.099 0.318 0.404 0.904 0.992 2.486 31 5.25 76.32 0.34 0
47500 3 15 9 0 0.099 0.318 0.404 0.904 0.992 3.515 32 5.16 71.06 0.487 0
47500 4 15 9 0 0.099 0.318 0.404 0.904 0.992 0 0 0 0 1 1
47500 5 15 9 0 0.099 0.318 0.404 0.904 0.992 4.021 44 5.616 88.827 0.34 0
47500 6 15 9 0 0.099 0.318 0.404 0.904 0.992 0 0 0 0 1 1
47500 7 15 9 0 0.099 0.318 0.404 0.904 0.992 4.106 39 6.542 86.553 0.14 0
47500 8 15 9 0 0.099 0.318 0.404 0.904 0.992 0 0 0 0 1 1
47500 9 15 9 0 0.099 0.318 0.404 0.904 0.992 0 0 0 0 1 1
47500 10 15 9 0 0.099 0.318 0.404 0.904 0.992 2.523 34 4.917 80.6 0.533 0
47500 1 15 9 0 0.059 0.342 0.352 0.869 0.711 4.793 29 7.312 77.887 0.007 0
47500 2 15 9 0 0.059 0.342 0.352 0.869 0.711 3.143 29 6.447 75.167 0.12 0
47500 3 15 9 0 0.059 0.342 0.352 0.869 0.711 3.367 36 5.49 74.467 0.373 0
47500 4 15 9 0 0.059 0.342 0.352 0.869 0.711 3.572 26 5.701 74.667 0.34 0
47500 5 15 9 0 0.059 0.342 0.352 0.869 0.711 4.839 30 6.632 79.733 0.047 0
47500 6 15 9 0 0.059 0.342 0.352 0.869 0.711 0 0 0 0 1 1
47500 7 15 9 0 0.059 0.342 0.352 0.869 0.711 3.315 39 6.101 82.64 0.253 0
47500 8 15 9 0 0.059 0.342 0.352 0.869 0.711 0 0 0 0 1 1
47500 9 15 9 0 0.059 0.342 0.352 0.869 0.711 1.64 35 4.613 71.053 0.567 0
47500 10 15 9 0 0.059 0.342 0.352 0.869 0.711 1.342 34 4.784 72.48 0.507 0
47500 1 15 9 0 0.039 0.469 0.456 0.762 0.47 0 0 0 0 1 1
47500 2 15 9 0 0.039 0.469 0.456 0.762 0.47 2.232 22 4.934 60.073 0.46 0
47500 3 15 9 0 0.039 0.469 0.456 0.762 0.47 0 0 0 0 1 1
47500 4 15 9 0 0.039 0.469 0.456 0.762 0.47 0 0 0 0 1 1
47500 5 15 9 0 0.039 0.469 0.456 0.762 0.47 11.786 28 22.137 74.993 0 0
47500 1 15 4 0 0.009 0.401 0.042 0.801 0.37 110.602 394 128.424 636.447 0 0
47500 2 15 4 0 0.009 0.401 0.042 0.801 0.37 104.558 418 121.427 630.207 0 0
47500 3 15 4 0 0.009 0.401 0.042 0.801 0.37 108.75 529 119.71 702.827 0 0
47500 4 15 4 0 0.009 0.401 0.042 0.801 0.37 103.963 401 127.107 623.36 0 0
47500 5 15 4 0 0.009 0.401 0.042 0.801 0.37 99.936 519 115.233 703.047 0 0
47500 6 15 4 0 0.009 0.401 0.042 0.801 0.37 58.963 270 91.95 488.353 0 0
47500 7 15 4 0 0.009 0.401 0.042 0.801 0.37 108.659 452 119.638 643.173 0 0
47500 8 15 4 0 0.009 0.401 0.042 0.801 0.37 103.307 403 110.298 617.367 0 0
47500 9 15 4 0 0.009 0.401 0.042 0.801 0.37 113.719 511 124.868 732.987 0 0
47500 10 15 4 0 0.009 0.401 0.042 0.801 0.37 116.299 495 125.716 704.527 0 0
47500 1 15 4 0 0.095 0.404 0.035 0.852 0.894 0 0 0 0 1 1
47500 2 15 4 0 0.095 0.404 0.035 0.852 0.894 0 0 0 0 1 1
47500 3 15 4 0 0.095 0.404 0.035 0.852 0.894 0 0 0 0 1 1
47500 4 15 4 0 0.095 0.404 0.035 0.852 0.894 0 0 0 0 1 1
47500 5 15 4 0 0.095 0.404 0.035 0.852 0.894 0 0 0 0 1 1
47500 6 15 4 0 0.095 0.404 0.035 0.852 0.894 0 0 0 0 1 1
47500 7 15 4 0 0.095 0.404 0.035 0.852 0.894 0 0 0 0 1 1
47500 8 15 4 0 0.095 0.404 0.035 0.852 0.894 0 0 0 0 1 1
47500 9 15 4 0 0.095 0.404 0.035 0.852 0.894 0 0 0 0 1 1
47500 10 15 4 0 0.095 0.404 0.035 0.852 0.894 0 0 0 0 1 1
47500 1 15 4 0 0.05 0.1 0.021 0.961 0.016 250 19901 250 20761.013 0 0
47500 2 15 4 0 0.05 0.1 0.021 0.961 0.016 250 22353 250 23129.96 0 0
47500 3 15 4 0 0.05 0.1 0.021 0.961 0.016 250 21306 250 22001.893 0 0
47500 4 15 4 0 0.05 0.1 0.021 0.961 0.016 250 19797 250 20698.02 0 0
47500 5 15 4 0 0.05 0.1 0.021 0.961 0.016 250 21395 250 22010.107 0 0
47500 6 15 4 0 0.05 0.1 0.021 0.961 0.016 250 21249 250 22273.58 0 0
47500 7 15 4 0 0.05 0.1 0.021 0.961 0.016 250 20330 250 21387.987 0 0
47500 8 15 4 0 0.05 0.1 0.021 0.961 0.016 250 21632 250 22328.833 0 0
47500 9 15 4 0 0.05 0.1 0.021 0.961 0.016 250 21744 250 22448.047 0 0
47500 10 15 4 0 0.05 0.1 0.021 0.961 0.016 250 20644 250 21553.793 0 0
47500 1 15 4 0 0.106 0.104 0.033 0.865 0.993 3.719 64 7.052 105.807 0.133 0
47500 2 15 4 0 0.106 0.104 0.033 0.865 0.993 5.297 64 7.513 96.92 0 0
47500 3 15 4 0 0.106 0.104 0.033 0.865 0.993 3.818 53 6.626 102.093 0.073 0
47500 4 15 4 0 0.106 0.104 0.033 0.865 0.993 4.31 74 7.165 118.907 0.073 0
47500 5 15 4 0 0.106 0.104 0.033 0.865 0.993 3.08 44 8.239 90.307 0.06 0
47500 6 15 4 0 0.106 0.104 0.033 0.865 0.993 3.07 65 6.024 102.12 0.14 0
47500 7 15 4 0 0.106 0.104 0.033 0.865 0.993 0 0 0 0 1 1
47500 8 15 4 0 0.106 0.104 0.033 0.865 0.993 5.156 56 7.079 95.607 0 0
47500 9 15 4 0 0.106 0.104 0.033 0.865 0.993 2.481 52 6.436 95.307 0.32 0
47500 10 15 4 0 0.106 0.104 0.033 0.865 0.993 4.813 57 8.101 97.793 0.027 0
47500 1 15 4 0 0.006 0.238 0.338 0.902 0.375 0 0 0 0 1 1
47500 2 15 4 0 0.006 0.238 0.338 0.902 0.375 6.02 60 10.061 123.113 0 0
47500 3 15 4 0 0.006 0.238 0.338 0.902 0.375 4.559 76 9.44 137.74 0.027 0
47500 4 15 4 0 0.006 0.238 0.338 0.902 0.375 4.729 90 8.779 143.087 0.013 0
47500 5 15 4 0 0.006 0.238 0.338 0.902 0.375 2.582 54 8.325 124.533 0.093 0
47500 6 15 4 0 0.006 0.238 0.338 0.902 0.375 5.48 74 9.202 118.033 0 0
47500 7 15 4 0 0.006 0.238 0.338 0.902 0.375 3.362 66 8.314 139.493 0.06 0
47500 8 15 4 0 0.006 0.238 0.338 0.902 0.375 4.808 73 9.946 133.107 0.013 0
47500 9 15 4 0 0.006 0.238 0.338 0.902 0.375 3.479 74 7.597 131.867 0.127 0
47500 10 15 4 0 0.006 0.238 0.338 0.902 0.375 6.395 98 10.51 144.607 0 0
47500 1 15 4 0 0.011 0.242 0.283 0.777 0.333 15.438 131 19.396 203.647 0 0
47500 2 15 4 0 0.011 0.242 0.283 0.777 0.333 5.945 115 14.633 214.7 0 0
47500 3 15 4 0 0.011 0.242 0.283 0.777 0.333 8.698 102 15.999 191.607 0 0
47500 4 15 4 0 0.011 0.242 0.283 0.777 0.333 14.456 124 19.797 201.38 0 0
47500 5 15 4 0 0.011 0.242 0.283 0.777 0.333 12.17 118 16.568 197.24 0 0
47500 6 15 4 0 0.011 0.242 0.283 0.777 0.333 7.886 115 13.067 189.307 0 0
47500 7 15 4 0 0.011 0.242 0.283 0.777 0.333 4.662 95 11.175 182.613 0.047 0
47500 8 15 4 0 0.011 0.242 0.283 0.777 0.333 17.719 134 24.582 204.587 0 0
47500 9 15 4 0 0.011 0.242 0.283 0.777 0.333 17.149 148 23.278 212.627 0 0
47500 10 15 4 0 0.011 0.242 0.283 0.777 0.333 0.642 33 11.781 146.667 0.253 0
47500 1 15 4 0 0.096 0.182 0.095 0.782 0.338 0 0 0 0 1 1
47500 2 15 4 0 0.096 0.182 0.095 0.782 0.338 0 0 0 0 1 1
47500 3 15 4 0 0.096 0.182 0.095 0.782 0.338 0 0 0 0 1 1
47500 4 15 4 0 0.096 0.182 0.095 0.782 0.338 0 0 0 0 1 1
47500 5 15 4 0 0.096 0.182 0.095 0.782 0.338 0 0 0 0 1 1
47500 6 15 4 0 0.096 0.182 0.095 0.782 0.338 0 0 0 0 1 1
47500 7 15 4 0 0.096 0.182 0.095 0.782 0.338 0 0 0 0 1 1
47500 1 15 9 0 0.116 0.065 0.065 0.952 0.84 0 0 0 0 1 1
47500 2 15 9 0 0.116 0.065 0.065 0.952 0.84 0 0 0 0 1 1
47500 3 15 9 0 0.116 0.065 0.065 0.952 0.84 0 0 0 0 1 1
47500 4 15 9 0 0.116 0.065 0.065 0.952 0.84 0 0 0 0 1 1
47500 5 15 9 0 0.116 0.065 0.065 0.952 0.84 0 0 0 0 1 1
47500 6 15 9 0 0.116 0.065 0.065 0.952 0.84 1.734 25 4.145 68.693 0.687 0
47500 7 15 9 0 0.116 0.065 0.065 0.952 0.84 1.442 21 3.965 57.84 0.673 0
47500 8 15 9 0 0.116 0.065 0.065 0.952 0.84 3.116 23 6.38 74.48 0.167 0
47500 9 15 9 0 0.116 0.065 0.065 0.952 0.84 0 0 0 0 1 1
47500 10 15 9 0 0.116 0.065 0.065 0.952 0.84 2.284 34 5.38 77.22 0.32 0
47500 1 15 9 0 0.112 0.235 0.302 0.872 0.285 0 0 0 0 1 1
47500 2 15 9 0 0.112 0.235 0.302 0.872 0.285 5.212 79 10.206 142.64 0 0
47500 3 15 9 0 0.112 0.235 0.302 0.872 0.285 0 0 0 0 1 1
47500 4 15 9 0 0.112 0.235 0.302 0.872 0.285 5.891 62 8.926 119.647 0 0
47500 5 15 9 0 0.112 0.235 0.302 0.872 0.285 0 0 0 0 1 1
47500 6 15 9 0 0.112 0.235 0.302 0.872 0.285 0 0 0 0 1 1
47500 7 15 9 0 0.112 0.235 0.302 0.872 0.285 13.303 97 18.551 174.973 0 0
47500 8 15 9 0 0.112 0.235 0.302 0.872 0.285 0 0 0 0 1 1
47500 9 15 9 0 0.112 0.235 0.302 0.872 0.285 0 0 0 0 1 1
47500 10 15 9 0 0.112 0.235 0.302 0.872 0.285 2.375 34 9.924 137.36 0.447 0
47500 1 15 9 0 0.108 0.055 0.103 0.817 0.972 1.839 35 4.424 73.58 0.727 0
47500 2 15 9 0 0.108 0.055 0.103 0.817 0.972 0 0 0 0 1 1
47500 3 15 9 0 0.108 0.055 0.103 0.817 0.972 0 0 0 0 1 1
47500 4 15 9 0 0.108 0.055 0.103 0.817 0.972 2.481 25 4.559 64.58 0.673 0
47500 5 15 9 0 0.108 0.055 0.103 0.817 0.972 2.754 27 6.008 80.18 0.22 0
47500 6 15 9 0 0.108 0.055 0.103 0.817 0.972 3.966 28 6.71 72.247 0.107 0
47500 7 15 9 0 0.108 0.055 0.103 0.817 0.972 3.576 41 6.355 80.953 0.12 0
47500 8 15 9 0 0.108 0.055 0.103 0.817 0.972 0 0 0 0 1 1
47500 9 15 9 0 0.108 0.055 0.103 0.817 0.972 2.674 33 6.051 78.62 0.36 0
47500 10 15 9 0 0.108 0.055 0.103 0.817 0.972 1.89 30 4.886 72.96 0.473 0
47500 1 15 9 0 0.034 0.271 0.276 0.981 0.684 3.524 42 5.737 81.427 0.313 0
47500 2 15 9 0 0.034 0.271 0.276 0.981 0.684 1.641 35 4.144 65.673 0.64 0
47500 3 15 9 0 0.034 0.271 0.276 0.981 0.684 0 0 0 0 1 1
47500 4 15 9 0 0.034 0.271 0.276 0.981 0.684 0 0 0 0 1 1
47500 5 15 9 0 0.034 0.271 0.276 0.981 0.684 0 0 0 0 1 1
47500 6 15 9 0 0.034 0.271 0.276 0.981 0.684 1.94 30 4.181 54.147 0.8 0
47500 7 15 9 0 0.034 0.271 0.276 0.981 0.684 0 0 0 0 1 1
47500 8 15 9 0 0.034 0.271 0.276 0.981 0.684 0 0 0 0 1 1
47500 9 15 9 0 0.034 0.271 0.276 0.981 0.684 2.782 20 4.787 65.74 0.533 0
47500 10 15 9 0 0.034 0.271 0.276 0.981 0.684 2.484 35 5.537 78.153 0.287 0
47500 1 15 9 0 0.077 0.329 0.201 0.897 0.088 249.344 9969 249.97 10763.233 0 0
47500 2 15 9 0 0.077 0.329 0.201 0.897 0.088 249.433 9647 249.976 11275.567 0 0
47500 3 15 9 0 0.077 0.329 0.201 0.897 0.088 249.61 9322 249.989 11141.547 0 0
47500 4 15 9 0 0.077 0.329 0.201 0.897 0.088 249.6 10165 249.976 11005.507 0 0
47500 5 15 9 0 0.077 0.329 0.201 0.897 0.088 249.077 10411 249.974 10985.087 0 0
47500 6 15 9 0 0.077 0.329 0.201 0.897 0.088 249.61 10874 249.988 11614.567 0 0
47500 7 15 9 0 0.077 0.329 0.201 0.897 0.088 249.563 9740 249.988 11213.7 0 0
47500 8 15 9 0 0.077 0.329 0.201 0.897 0.088 249.61 10036 249.987 10855.62 0 0
47500 9 15 9 0 0.077 0.329 0.201 0.897 0.088 249.563 10133 249.986 11326.187 0 0
47500 10 15 9 0 0.077 0.329 0.201 0.897 0.088 249.653 10634 249.995 11544.893 0 0
47500 1 15 9 0 0.081 0.251 0.221 0.871 0.645 0 0 0 0 1 1
47500 2 15 9 0 0.081 0.251 0.221 0.871 0.645 0 0 0 0 1 1
47500 3 15 9 0 0.081 0.251 0.221 0.871 0.645 0 0 0 0 1 1
47500 4 15 9 0 0.081 0.251 0.221 0.871 0.645 0 0 0 0 1 1
47500 5 15 9 0 0.081 0.251 0.221 0.871 0.645 0 0 0 0 1 1
47500 6 15 9 0 0.081 0.251 0.221 0.871 0.645 0 0 0 0 1 1
47500 7 15 9 0 0.081 0.251 0.221 0.871 0.645 0 0 0 0 1 1
47500 8 15 9 0 0.081 0.251 0.221 0.871 0.645 3.206 25 5.225 71.367 0.46 0
47500 9 15 9 0 0.081 0.251 0.221 0.871 0.645 3.661 32 6.78 81.247 0.18 0
47500 10 15 9 0 0.081 0.251 0.221 0.871 0.645 0 0 0 0 1 1
47500 1 15 9 0 0.092 0.158 0.124 0.948 0.859 0 0 0 0 1 1
47500 2 15 9 0 0.092 0.158 0.124 0.948 0.859 0 0 0 0 1 1
47500 3 15 9 0 0.092 0.158 0.124 0.948 0.859 2.135 31 4.911 64.633 0.593 0
47500 4 15 9 0 0.092 0.158 0.124 0.948 0.859 0 0 0 0 1 1
47500 1 15 7 0 0.024 0.444 0.306 0.913 0.031 249.125 7093 249.882 8016.28 0 0
47500 2 15 7 0 0.024 0.444 0.306 0.913 0.031 248.767 7568 249.875 8262.953 0 0
47500 3 15 7 0 0.024 0.444 0.306 0.913 0.031 249.084 7530 249.911 8385.32 0 0
47500 4 15 7 0 0.024 0.444 0.306 0.913 0.031 248.944 7139 249.89 7999.333 0 0
47500 5 15 7 0 0.024 0.444 0.306 0.913 0.031 248.948 7406 249.869 8065.2 0 0
47500 6 15 7 0 0.024 0.444 0.306 0.913 0.031 248.906 7378 249.895 8120.32 0 0
47500 7 15 7 0 0.024 0.444 0.306 0.913 0.031 249.257 7312 249.89 8056.067 0 0
47500 8 15 7 0 0.024 0.444 0.306 0.913 0.031 248.674 7519 249.849 8167.06 0 0
47500 9 15 7 0 0.024 0.444 0.306 0.913 0.031 248.594 7380 249.873 8142.44 0 0
47500 10 15 7 0 0.024 0.444 0.306 0.913 0.031 248.688 7572 249.881 8247.187 0 0
47500 1 15 7 0 0.053 0.413 0.155 0.864 0.821 0 0 0 0 1 1
47500 2 15 7 0 0.053 0.413 0.155 0.864 0.821 0 0 0 0 1 1
47500 3 15 7 0 0.053 0.413 0.155 0.864 0.821 2.13 43 5.44 84.813 0.367 0
47500 4 15 7 0 0.053 0.413 0.155 0.864 0.821 0 0 0 0 1 1
47500 5 15 7 0 0.053 0.413 0.155 0.864 0.821 0 0 0 0 1 1
47500 6 15 7 0 0.053 0.413 0.155 0.864 0.821 0 0 0 0 1 1
47500 7 15 7 0 0.053 0.413 0.155 0.864 0.821 0 0 0 0 1 1
47500 8 15 7 0 0.053 0.413 0.155 0.864 0.821 0 0 0 0 1 1
47500 9 15 7 0 0.053 0.413 0.155 0.864 0.821 0 0 0 0 1 1
47500 10 15 7 0 0.053 0.413 0.155 0.864 0.821 0 0 0 0 1 1
47500 1 15 7 0 0.055 0.259 0.051 0.788 0.509 0 0 0 0 1 1
47500 2 15 7 0 0.055 0.259 0.051 0.788 0.509 0 0 0 0 1 1
47500 3 15 7 0 0.055 0.259 0.051 0.788 0.509 0 0 0 0 1 1
47500 4 15 7 0 0.055 0.259 0.051 0.788 0.509 0 0 0 0 1 1
47500 5 15 7 0 0.055 0.259 0.051 0.788 0.509 0 0 0 0 1 1
47500 6 15 7 0 0.055 0.259 0.051 0.788 0.509 0 0 0 0 1 1
47500 7 15 7 0 0.055 0.259 0.051 0.788 0.509 0 0 0 0 1 1
47500 8 15 7 0 0.055 0.259 0.051 0.788 0.509 0 0 0 0 1 1
47500 9 15 7 0 0.055 0.259 0.051 0.788 0.509 0 0 0 0 1 1
47500 10 15 7 0 0.055 0.259 0.051 0.788 0.509 0 0 0 0 1 1
47500 1 15 7 0 0.071 0.457 0.18 0.816 0.727 0 0 0 0 1 1
47500 2 15 7 0 0.071 0.457 0.18 0.816 0.727 0 0 0 0 1 1
47500 3 15 7 0 0.071 0.457 0.18 0.816 0.727 0 0 0 0 1 1
47500 4 15 7 0 0.071 0.457 0.18 0.816 0.727 0 0 0 0 1 1
47500 5 15 7 0 0.071 0.457 0.18 0.816 0.727 0 0 0 0 1 1
47500 6 15 7 0 0.071 0.457 0.18 0.816 0.727 0 0 0 0 1 1
47500 7 15 7 0 0.071 0.457 0.18 0.816 0.727 0 0 0 0 1 1
47500 8 15 7 0 0.071 0.457 0.18 0.816 0.727 0 0 0 0 1 1
47500 9 15 7 0 0.071 0.457 0.18 0.816 0.727 0 0 0 0 1 1
47500 10 15 7 0 0.071 0.457 0.18 0.816 0.727 0 0 0 0 1 1
47500 1 15 7 0 0.03 0.058 0.122 0.996 0.025 249.653 9964 249.989 11120.58 0 0
47500 2 15 7 0 0.03 0.058 0.122 0.996 0.025 249.824 10588 249.996 11696.613 0 0
47500 3 15 7 0 0.03 0.058 0.122 0.996 0.025 249.653 10281 249.989 11546.933 0 0
47500 4 15 7 0 0.03 0.058 0.122 0.996 0.025 249.56 10970 249.991 11592.26 0 0
47500 5 15 7 0 0.03 0.058 0.122 0.996 0.025 249.476 10706 249.983 11569.98 0 0
47500 6 15 7 0 0.03 0.058 0.122 0.996 0.025 249.653 10744 249.99 11637.993 0 0
47500 7 15 7 0 0.03 0.058 0.122 0.996 0.025 249.476 10918 249.989 11591.46 0 0
47500 8 15 7 0 0.03 0.058 0.122 0.996 0.025 249.521 10246 249.977 11109.273 0 0
47500 9 15 7 0 0.03 0.058 0.122 0.996 0.025 249.61 10057 249.984 11314.253 0 0
47500 10 15 7 0 0.03 0.058 0.122 0.996 0.025 249.389 10191 249.98 11543.3 0 0
47500 1 15 8 0 0.013 0.327 0.229 0.99 0.129 244.814 2648 248.121 3035.833 0 0
47500 2 15 8 0 0.013 0.327 0.229 0.99 0.129 245.482 2518 247.969 2878.14 0 0
47500 3 15 8 0 0.013 0.327 0.229 0.99 0.129 243.265 2154 246.858 2741.513 0 0
47500 4 15 8 0 0.013 0.327 0.229 0.99 0.129 244.906 2293 247.807 2798.053 0 0
47500 5 15 8 0 0.013 0.327 0.229 0.99 0.129 245.052 2940 248.421 3566.28 0 0
47500 6 15 8 0 0.013 0.327 0.229 0.99 0.129 245.689 2667 248.191 3297.933 0 0
47500 7 15 8 0 0.013 0.327 0.229 0.99 0.129 243.612 2168 247.381 2875.873 0 0
47500 8 15 8 0 0.013 0.327 0.229 0.99 0.129 244.373 2592 247.792 3163.16 0 0
47500 9 15 8 0 0.013 0.327 0.229 0.99 0.129 239.352 2578 247.587 3026.787 0 0
47500 10 15 8 0 0.013 0.327 0.229 0.99 0.129 243.582 2640 247.298 3130.28 0 0
47500 1 15 8 0 0.061 0.248 0.461 0.983 0.475 1.486 38 4.384 67.853 0.553 0
47500 2 15 8 0 0.061 0.248 0.461 0.983 0.475 0 0 0 0 1 1
47500 3 15 8 0 0.061 0.248 0.461 0.983 0.475 0 0 0 0 1 1
47500 4 15 8 0 0.061 0.248 0.461 0.983 0.475 0 0 0 0 1 1
47500 5 15 8 0 0.061 0.248 0.461 0.983 0.475 2.386 37 5.443 78.247 0.387 0
47500 6 15 8 0 0.061 0.248 0.461 0.983 0.475 4.221 35 6 80.887 0.167 0
47500 7 15 8 0 0.061 0.248 0.461 0.983 0.475 1.937 30 4.655 64.307 0.627 0
47500 8 15 8 0 0.061 0.248 0.461 0.983 0.475 3.13 39 6.537 78.553 0.293 0
47500 9 15 8 0 0.061 0.248 0.461 0.983 0.475 4.071 44 6.386 88.293 0.153 0
47500 10 15 8 0 0.061 0.248 0.461 0.983 0.475 1.392 35 4.266 66.387 0.673 0
47500 1 15 8 0 0.061 0.007 0.076 0.831 0.76 2.975 30 5.995 76.58 0.413 0
47500 2 15 8 0 0.061 0.007 0.076 0.831 0.76 3.815 34 6.314 94.52 0.2 0
47500 3 15 8 0 0.061 0.007 0.076 0.831 0.76 0 0 0 0 1 1
47500 4 15 8 0 0.061 0.007 0.076 0.831 0.76 3.863 44 6.529 89.64 0.087 0
47500 5 15 8 0 0.061 0.007 0.076 0.831 0.76 1.74 35 4.792 73.2 0.493 0
47500 6 15 8 0 0.061 0.007 0.076 0.831 0.76 0 0 0 0 1 1
47500 7 15 8 0 0.061 0.007 0.076 0.831 0.76 2.626 25 5.929 78.007 0.26 0
47500 8 15 8 0 0.061 0.007 0.076 0.831 0.76 0 0 0 0 1 1
47500 9 15 8 0 0.061 0.007 0.076 0.831 0.76 2.982 49 5.51 85.96 0.4 0
47500 10 15 8 0 0.061 0.007 0.076 0.831 0.76 2.18 42 5.292 79.72 0.38 0
47500 1 15 8 0 0.103 0.128 0.14 0.864 0.248 0 0 0 0 1 1
47500 2 15 8 0 0.103 0.128 0.14 0.864 0.248 0 0 0 0 1 1
47500 3 15 8 0 0.103 0.128 0.14 0.864 0.248 0 0 0 0 1 1
47500 4 15 8 0 0.103 0.128 0.14 0.864 0.248 0 0 0 0 1 1
47500 5 15 8 0 0.103 0.128 0.14 0.864 0.248 0 0 0 0 1 1
47500 6 15 8 0 0.103 0.128 0.14 0.864 0.248 0 0 0 0 1 1
47500 7 15 8 0 0.103 0.128 0.14 0.864 0.248 0 0 0 0 1 1
47500 8 15 8 0 0.103 0.128 0.14 0.864 0.248 0 0 0 0 1 1
47500 9 15 8 0 0.103 0.128 0.14 0.864 0.248 0 0 0 0 1 1
47500 10 15 8 0 0.103 0.128 0.14 0.864 0.248 0 0 0 0 1 1
47500 1 15 8 0 0.018 0.095 0.375 0.791 0.252 3.265 58 7.833 114.087 0.12 0
47500 2 15 8 0 0.018 0.095 0.375 0.791 0.252 4.716 52 8.072 106.28 0.02 0
47500 3 15 8 0 0.018 0.095 0.375 0.791 0.252 3.621 52 6.439 111.54 0.1 0
47500 4 15 8 0 0.018 0.095 0.375 0.791 0.252 4.419 35 7.961 100.633 0.047 0
47500 5 15 8 0 0.018 0.095 0.375 0.791 0.252 7.774 43 10.646 100.707 0 0
47500 6 15 8 0 0.018 0.095 0.375 0.791 0.252 5.258 72 7.987 121.573 0 0
47500 7 15 8 0 0.018 0.095 0.375 0.791 0.252 4.006 58 8.065 104.84 0.073 0
47500 8 15 8 0 0.018 0.095 0.375 0.791 0.252 4.155 54 7.339 104.68 0.047 0
47500 9 15 8 0 0.018 0.095 0.375 0.791 0.252 3.279 39 7.887 94.933 0.153 0
47500 10 15 8 0 0.018 0.095 0.375 0.791 0.252 4.955 40 8.664 107.433 0.013 0
47500 1 15 8 0 0.078 0.168 0.162 0.937 0.036 249.906 13772 249.999 14335.307 0 0
47500 2 15 8 0 0.078 0.168 0.162 0.937 0.036 249.906 13749 249.999 14586.707 0 0
47500 3 15 8 0 0.078 0.168 0.162 0.937 0.036 249.906 13140 249.999 13741.567 0 0
47500 4 15 8 0 0.078 0.168 0.162 0.937 0.036 249.641 12430 249.993 13042.92 0 0
47500 5 15 8 0 0.078 0.168 0.162 0.937 0.036 249.987 13796 250 14878.76 0 0
47500 6 15 8 0 0.078 0.168 0.162 0.937 0.036 249.647 13429 249.993 13977.547 0 0
47500 1 15 7 1 0.119 0.432 0.257 0.852 0.91 3.17 45 5.671 89.413 0.307 0
47500 2 15 7 1 0.119 0.432 0.257 0.852 0.91 4.363 48 6.181 88.547 0.127 0
47500 3 15 7 1 0.119 0.432 0.257 0.852 0.91 0 0 0 0 1 1
47500 4 15 7 1 0.119 0.432 0.257 0.852 0.91 3.787 42 7.471 90.487 0.06 0
47500 5 15 7 1 0.119 0.432 0.257 0.852 0.91 3.656 59 6.182 99.653 0.113 0
47500 6 15 7 1 0.119 0.432 0.257 0.852 0.91 4.211 51 6.861 88.833 0.107 0
47500 7 15 7 1 0.119 0.432 0.257 0.852 0.91 2.72 53 4.86 83.58 0.54 0
47500 8 15 7 1 0.119 0.432 0.257 0.852 0.91 0 0 0 0 1 1
47500 9 15 7 1 0.119 0.432 0.257 0.852 0.91 3.528 46 5.256 82.82 0.427 0
47500 10 15 7 1 0.119 0.432 0.257 0.852 0.91 3.927 35 6.315 86.34 0.08 0
47500 1 15 7 1 0.05 0.315 0.249 0.788 0.539 5.896 74 8.621 121.2 0 0
47500 2 15 7 1 0.05 0.315 0.249 0.788 0.539 0 0 0 0 1 1
47500 3 15 7 1 0.05 0.315 0.249 0.788 0.539 5.394 65 8.82 121.533 0 0
47500 4 15 7 1 0.05 0.315 0.249 0.788 0.539 0 0 0 0 1 1
47500 5 15 7 1 0.05 0.315 0.249 0.788 0.539 0 1 0.332 7.4 1 0.773
47500 6 15 7 1 0.05 0.315 0.249 0.788 0.539 0 0 0 0 1 1
47500 7 15 7 1 0.05 0.315 0.249 0.788 0.539 2.086 62 6.473 107.8 0.287 0
47500 8 15 7 1 0.05 0.315 0.249 0.788 0.539 0 0 0 0 1 1
47500 9 15 7 1 0.05 0.315 0.249 0.788 0.539 0 0 0 0 1 1
47500 10 15 7 1 0.05 0.315 0.249 0.788 0.539 4.348 96 8.739 139.787 0.013 0
47500 1 15 7 1 0.105 0.273 0.479 0.815 0.762 3.072 49 6.108 97.34 0.22 0
47500 2 15 7 1 0.105 0.273 0.479 0.815 0.762 2.725 53 5.724 91.9 0.28 0
47500 3 15 7 1 0.105 0.273 0.479 0.815 0.762 3.865 54 6.7 97.353 0.14 0
47500 4 15 7 1 0.105 0.273 0.479 0.815 0.762 1.374 4 4.485 58.547 0.593 0.033
47500 5 15 7 1 0.105 0.273 0.479 0.815 0.762 0 0 0 0 1 1
47500 6 15 7 1 0.105 0.273 0.479 0.815 0.762 3.861 42 6.638 91.193 0.093 0
47500 7 15 7 1 0.105 0.273 0.479 0.815 0.762 0 0 0 0 1 1
47500 8 15 7 1 0.105 0.273 0.479 0.815 0.762 0 0 0 1.353 1 1
47500 9 15 7 1 0.105 0.273 0.479 0.815 0.762 4.352 36 7.16 95.747 0.087 0
47500 10 15 7 1 0.105 0.273 0.479 0.815 0.762 4.202 37 7.097 82.787 0.073 0
47500 1 15 7 1 0.107 0.258 0.143 0.755 0.538 0 0 0 0 1 1
47500 2 15 7 1 0.107 0.258 0.143 0.755 0.538 0 0 0 0 1 1
47500 3 15 7 1 0.107 0.258 0.143 0.755 0.538 0 0 0 0 1 1
47500 4 15 7 1 0.107 0.258 0.143 0.755 0.538 0 0 0 0 1 1
47500 5 15 7 1 0.107 0.258 0.143 0.755 0.538 0 0 0 0 1 1
47500 6 15 7 1 0.107 0.258 0.143 0.755 0.538 0 0 0 0 1 1
47500 7 15 7 1 0.107 0.258 0.143 0.755 0.538 0 0 0 0 1 1
47500 8 15 7 1 0.107 0.258 0.143 0.755 0.538 0 0 0 0 1 1
47500 9 15 7 1 0.107 0.258 0.143 0.755 0.538 0 0 0 0 1 1
47500 10 15 7 1 0.107 0.258 0.143 0.755 0.538 0 0 0 0 1 1
47500 1 15 7 1 0.11 0.445 0.041 0.952 0.233 247.1 5945 249.472 6911.767 0 0
47500 2 15 7 1 0.11 0.445 0.041 0.952 0.233 248.386 7680 249.784 8450.087 0 0
47500 3 15 7 1 0.11 0.445 0.041 0.952 0.233 246.73 6517 249.49 7226.233 0 0
47500 4 15 7 1 0.11 0.445 0.041 0.952 0.233 247.681 5656 249.517 6507.94 0 0
47500 5 15 7 1 0.11 0.445 0.041 0.952 0.233 248.561 6301 249.759 7077.873 0 0
47500 6 15 7 1 0.11 0.445 0.041 0.952 0.233 248.761 7799 249.835 8480.867 0 0
47500 7 15 7 1 0.11 0.445 0.041 0.952 0.233 248.495 8048 249.806 8728.007 0 0
47500 8 15 7 1 0.11 0.445 0.041 0.952 0.233 248.105 6900 249.804 8246.9 0 0
47500 9 15 7 1 0.11 0.445 0.041 0.952 0.233 248.595 7456 249.857 9318.62 0 0
47500 10 15 7 1 0.11 0.445 0.041 0.952 0.233 248.483 7322 249.815 8446.713 0 0
47500 1 15 7 1 0.082 0.371 0.091 0.838 0.419 0 0 0 0 1 1
47500 2 15 7 1 0.082 0.371 0.091 0.838 0.419 0 0 0 0 1 1
47500 3 15 7 1 0.082 0.371 0.091 0.838 0.419 0 0 0 0 1 1
47500 4 15 7 1 0.082 0.371 0.091 0.838 0.419 0 0 0 0 1 1
47500 5 15 7 1 0.082 0.371 0.091 0.838 0.419 0 0 0 0 1 1
47500 6 15 7 1 0.082 0.371 0.091 0.838 0.419 0 0 0 0 1 1
47500 7 15 7 1 0.082 0.371 0.091 0.838 0.419 0 0 0 0 1 1
47500 8 15 7 1 0.082 0.371 0.091 0.838 0.419 0 0 0 0 1 1
47500 9 15 7 1 0.082 0.371 0.091 0.838 0.419 0 0 0 0 1 1
47500 10 15 7 1 0.082 0.371 0.091 0.838 0.419 0 0 0 0 1 1
47500 1 15 7 1 0.008 0.463 0.409 0.833 0.311 6.36 115 12.19 185.273 0 0
47500 2 15 7 1 0.008 0.463 0.409 0.833 0.311 9.063 107 14.659 173.747 0 0
47500 3 15 7 1 0.008 0.463 0.409 0.833 0.311 12.421 120 15.466 180.82 0 0
47500 4 15 7 1 0.008 0.463 0.409 0.833 0.311 7.036 89 12.257 159.62 0 0
47500 5 15 7 1 0.008 0.463 0.409 0.833 0.311 8.866 101 15.616 172.627 0 0
47500 6 15 7 1 0.008 0.463 0.409 0.833 0.311 9.941 101 13.48 172.74 0 0
47500 7 15 7 1 0.008 0.463 0.409 0.833 0.311 8.406 106 12.824 167.687 0 0
47500 8 15 7 1 0.008 0.463 0.409 0.833 0.311 11.928 117 15.254 191.62 0 0
47500 9 15 7 1 0.008 0.463 0.409 0.833 0.311 6.679 85 12.647 163.887 0 0
47500 10 15 7 1 0.008 0.463 0.409 0.833 0.311 8.61 81 11.976 163.907 0 0
47500 1 15 7 1 0.048 0.176 0.492 0.915 0.618 2.882 43 5.975 94.087 0.353 0
47500 2 15 7 1 0.048 0.176 0.492 0.915 0.618 2.83 52 5.796 88.827 0.313 0
47500 3 15 7 1 0.048 0.176 0.492 0.915 0.618 4.268 31 7.088 82.14 0.04 0
47500 4 15 7 1 0.048 0.176 0.492 0.915 0.618 5.751 50 7.339 97.54 0 0
47500 5 15 7 1 0.048 0.176 0.492 0.915 0.618 3.268 50 5.972 89.113 0.24 0
47500 6 15 7 1 0.048 0.176 0.492 0.915 0.618 3.624 48 6.162 91.653 0.233 0
47500 7 15 7 1 0.048 0.176 0.492 0.915 0.618 4.123 38 6.38 92.64 0.133 0
47500 8 15 7 1 0.048 0.176 0.492 0.915 0.618 3.611 38 5.785 87.16 0.327 0
47500 9 15 7 1 0.048 0.176 0.492 0.915 0.618 3.166 38 6.466 88.14 0.113 0
47500 10 15 7 1 0.048 0.176 0.492 0.915 0.618 3.465 43 7.598 96.62 0.087 0
47500 1 15 7 1 0.044 0.19 0.404 0.898 0.352 3.844 50 7.359 107 0.06 0
47500 2 15 7 1 0.044 0.19 0.404 0.898 0.352 4.801 45 7.034 104.54 0.013 0
47500 3 15 7 1 0.044 0.19 0.404 0.898 0.352 0 0 0 0 1 1
47500 4 15 7 1 0.044 0.19 0.404 0.898 0.352 5.014 95 8.254 126.873 0 0
47500 5 15 7 1 0.044 0.19 0.404 0.898 0.352 6.18 59 9.402 114.16 0 0
47500 6 15 7 1 0.044 0.19 0.404 0.898 0.352 4.858 74 7.311 119.753 0.013 0
47500 7 15 7 1 0.044 0.19 0.404 0.898 0.352 4.355 82 7.294 125.9 0.087 0
47500 8 15 7 1 0.044 0.19 0.404 0.898 0.352 4.759 60 8.954 107.273 0.007 0
47500 1 15 10 0 0.074 0.017 0.181 0.981 0.262 3.752 28 6.161 79.38 0.193 0
47500 2 15 10 0 0.074 0.017 0.181 0.981 0.262 0 0 0 0 1 1
47500 3 15 10 0 0.074 0.017 0.181 0.981 0.262 0 0 0 0 1 1
47500 4 15 10 0 0.074 0.017 0.181 0.981 0.262 0 0 0 0 1 1
47500 5 15 10 0 0.074 0.017 0.181 0.981 0.262 0 0 0 0 1 1
47500 6 15 10 0 0.074 0.017 0.181 0.981 0.262 0 0 0 0 1 1
47500 7 15 10 0 0.074 0.017 0.181 0.981 0.262 4.211 36 6.977 84.033 0.06 0
47500 8 15 10 0 0.074 0.017 0.181 0.981 0.262 0 0 0 0 1 1
47500 9 15 10 0 0.074 0.017 0.181 0.981 0.262 0 0 0 0 1 1
47500 10 15 10 0 0.074 0.017 0.181 0.981 0.262 0 0 0 0 1 1
47500 1 15 10 0 0.093 0.345 0.369 0.992 0.436 0 0 0 0 1 1
47500 2 15 10 0 0.093 0.345 0.369 0.992 0.436 0 0 0 0 1 1
47500 3 15 10 0 0.093 0.345 0.369 0.992 0.436 0 0 0 0 1 1
47500 4 15 10 0 0.093 0.345 0.369 0.992 0.436 0 0 0 0 1 1
47500 5 15 10 0 0.093 0.345 0.369 0.992 0.436 0 0 0 0 1 1
47500 6 15 10 0 0.093 0.345 0.369 0.992 0.436 3.975 32 6.26 81.78 0.187 0
47500 7 15 10 0 0.093 0.345 0.369 0.992 0.436 0 0 0 0 1 1
47500 8 15 10 0 0.093 0.345 0.369 0.992 0.436 0 0 0 0 1 1
47500 9 15 10 0 0.093 0.345 0.369 0.992 0.436 0 0 0 0 1 1
47500 10 15 10 0 0.093 0.345 0.369 0.992 0.436 0 0 0 0 1 1
47500 1 15 10 0 0.04 0.19 0.09 0.755 0.053 249.696 12071 249.997 13569.727 0 0
47500 2 15 10 0 0.04 0.19 0.09 0.755 0.053 249.476 12723 249.994 13943.807 0 0
47500 3 15 10 0 0.04 0.19 0.09 0.755 0.053 249.824 13498 249.999 14398.893 0 0
47500 4 15 10 0 0.04 0.19 0.09 0.755 0.053 249.782 12996 249.997 13604.68 0 0
47500 5 15 10 0 0.04 0.19 0.09 0.755 0.053 249.782 13049 249.998 13619.68 0 0
47500 6 15 10 0 0.04 0.19 0.09 0.755 0.053 249.947 13663 250 14927.9 0 0
47500 7 15 10 0 0.04 0.19 0.09 0.755 0.053 249.696 13290 249.997 14055.86 0 0
47500 8 15 10 0 0.04 0.19 0.09 0.755 0.053 249.782 12939 249.999 14364.547 0 0
47500 9 15 10 0 0.04 0.19 0.09 0.755 0.053 249.865 12315 249.998 13388.16 0 0
47500 10 15 10 0 0.04 0.19 0.09 0.755 0.053 249.987 12113 250 13036.087 0 0
47500 1 15 10 0 0.039 0.041 0.312 0.894 0.66 0 0 0 0 1 1
47500 2 15 10 0 0.039 0.041 0.312 0.894 0.66 0 0 0 0 1 1
47500 3 15 10 0 0.039 0.041 0.312 0.894 0.66 2.574 20 5.11 65.573 0.427 0
47500 4 15 10 0 0.039 0.041 0.312 0.894 0.66 2.782 44 4.349 72.587 0.713 0
47500 5 15 10 0 0.039 0.041 0.312 0.894 0.66 0 0 0 0 1 1
47500 6 15 10 0 0.039 0.041 0.312 0.894 0.66 0 6 3.289 46.26 0.593 0.087
47500 7 15 10 0 0.039 0.041 0.312 0.894 0.66 0 0 0 0 1 1
47500 8 15 10 0 0.039 0.041 0.312 0.894 0.66 3.277 26 6.132 67.727 0.26 0
47500 9 15 10 0 0.039 0.041 0.312 0.894 0.66 0 0 0 0 1 1
47500 10 15 10 0 0.039 0.041 0.312 0.894 0.66 1.974 23 3.666 57.48 0.853 0
47500 1 15 10 0 0.053 0.366 0.457 0.764 0.246 7.59 76 12.38 139.273 0 0
47500 2 15 10 0 0.053 0.366 0.457 0.764 0.246 5.749 80 12.011 178.847 0 0
47500 3 15 10 0 0.053 0.366 0.457 0.764 0.246 8.404 98 13.664 192.233 0 0
47500 4 15 10 0 0.053 0.366 0.457 0.764 0.246 16.585 103 22.239 197.28 0 0
47500 5 15 10 0 0.053 0.366 0.457 0.764 0.246 11.033 90 15.571 197.773 0 0
47500 6 15 10 0 0.053 0.366 0.457 0.764 0.246 17.643 100 23.66 189.247 0 0
47500 7 15 10 0 0.053 0.366 0.457 0.764 0.246 12.618 82 17.26 177.567 0 0
47500 8 15 10 0 0.053 0.366 0.457 0.764 0.246 16.024 130 21.394 203.967 0 0
47500 9 15 10 0 0.053 0.366 0.457 0.764 0.246 12.342 86 17.746 198.893 0 0
47500 10 15 10 0 0.053 0.366 0.457 0.764 0.246 14.85 141 18.6 200.413 0 0
47500 1 15 10 0 0.068 0.264 0.322 0.953 0.089 247.87 5895 249.679 6811.487 0 0
47500 2 15 10 0 0.068 0.264 0.322 0.953 0.089 248.822 6391 249.766 7090.84 0 0
47500 3 15 10 0 0.068 0.264 0.322 0.953 0.089 248.984 6373 249.813 7193.547 0 0
47500 4 15 10 0 0.068 0.264 0.322 0.953 0.089 247.819 5967 249.721 6942.147 0 0
47500 5 15 10 0 0.068 0.264 0.322 0.953 0.089 246.438 5776 249.652 6731.827 0 0
47500 6 15 10 0 0.068 0.264 0.322 0.953 0.089 246.69 5571 249.496 6538.18 0 0
47500 7 15 10 0 0.068 0.264 0.322 0.953 0.089 248.794 6442 249.806 7176.5 0 0
47500 8 15 10 0 0.068 0.264 0.322 0.953 0.089 247.393 6289 249.695 6997.62 0 0
47500 9 15 10 0 0.068 0.264 0.322 0.953 0.089 248.649 6429 249.776 7186.9 0 0
47500 10 15 10 0 0.068 0.264 0.322 0.953 0.089 248.602 5899 249.795 7074.14 0 0
47500 1 15 10 0 0.009 0.315 0.264 0.902 0.503 5.458 39 9.862 101.573 0 0
47500 2 15 10 0 0.009 0.315 0.264 0.902 0.503 0 0 0 0 1 1
47500 3 15 10 0 0.009 0.315 0.264 0.902 0.503 0 0 0 0 1 1
47500 4 15 10 0 0.009 0.315 0.264 0.902 0.503 0 0 0 0 1 1
47500 5 15 10 0 0.009 0.315 0.264 0.902 0.503 0 0 0 0 1 1
47500 6 15 10 0 0.009 0.315 0.264 0.902 0.503 7.526 37 10.605 103.367 0 0
47500 7 15 10 0 0.009 0.315 0.264 0.902 0.503 0 0 0 0 1 1
47500 8 15 10 0 0.009 0.315 0.264 0.902 0.503 0 0 0 0 1 1
47500 9 15 10 0 0.009 0.315 0.264 0.902 0.503 0 0 0 0 1 1
47500 10 15 10 0 0.009 0.315 0.264 0.902 0.503 0 0 0 0 1 1
47500 1 15 10 0 0.054 0.367 0.034 0.789 0.775 0 0 0 0 1 1
47500 2 15 10 0 0.054 0.367 0.034 0.789 0.775 0 0 0 0 1 1
47500 3 15 10 0 0.054 0.367 0.034 0.789 0.775 0 0 0 0 1 1
47500 4 15 10 0 0.054 0.367 0.034 0.789 0.775 0 0 0 0 1 1
47500 5 15 10 0 0.054 0.367 0.034 0.789 0.775 0 0 0 0 1 1
47500 6 15 10 0 0.054 0.367 0.034 0.789 0.775 0 0 0 0 1 1
47500 7 15 10 0 0.054 0.367 0.034 0.789 0.775 0 0 0 0 1 1
47500 8 15 10 0 0.054 0.367 0.034 0.789 0.775 0 0 0 0 1 1
47500 9 15 10 0 0.054 0.367 0.034 0.789 0.775 0 0 0 0 1 1
47500 10 15 10 0 0.054 0.367 0.034 0.789 0.775 0 0 0 0 1 1
47500 1 15 10 0 0.102 0.107 0.257 0.759 0.036 249.384 8935 249.966 10096.667 0 0
47500 2 15 10 0 0.102 0.107 0.257 0.759 0.036 249.423 9646 249.969 10185.14 0 0
47500 3 15 10 0 0.102 0.107 0.257 0.759 0.036 249.291 9509 249.955 10188.447 0 0
47500 1 15 5 1 0.094 0.057 0.166 0.981 0.793 0 0 0 0 1 1
47500 2 15 5 1 0.094 0.057 0.166 0.981 0.793 4.122 58 7.124 101.08 0.053 0
47500 3 15 5 1 0.094 0.057 0.166 0.981 0.793 3.376 55 6.64 95.633 0.093 0
47500 4 15 5 1 0.094 0.057 0.166 0.981 0.793 5.277 59 7.365 93.447 0 0
47500 5 15 5 1 0.094 0.057 0.166 0.981 0.793 0 0 0 0 1 1
47500 6 15 5 1 0.094 0.057 0.166 0.981 0.793 4.547 70 7.34 106.2 0.027 0
47500 7 15 5 1 0.094 0.057 0.166 0.981 0.793 4.042 60 6.887 100.16 0.107 0
47500 8 15 5 1 0.094 0.057 0.166 0.981 0.793 5.108 61 7.306 100.24 0 0
47500 9 15 5 1 0.094 0.057 0.166 0.981 0.793 4.121 54 8.03 93.047 0.033 0
47500 10 15 5 1 0.094 0.057 0.166 0.981 0.793 5.36 72 7.769 102.573 0 0
47500 1 15 5 1 0.034 0.075 0.489 0.782 0.77 5.046 71 7.535 103.987 0 0
47500 2 15 5 1 0.034 0.075 0.489 0.782 0.77 2.927 45 5.875 88.847 0.3 0
47500 3 15 5 1 0.034 0.075 0.489 0.782 0.77 4.058 60 6.909 96.907 0.093 0
47500 4 15 5 1 0.034 0.075 0.489 0.782 0.77 3.919 51 6.48 87.28 0.127 0
47500 5 15 5 1 0.034 0.075 0.489 0.782 0.77 4.359 63 7.083 104.187 0.027 0
47500 6 15 5 1 0.034 0.075 0.489 0.782 0.77 4.719 51 7.965 97.327 0.04 0
47500 7 15 5 1 0.034 0.075 0.489 0.782 0.77 4.757 58 7.409 92.167 0.033 0
47500 8 15 5 1 0.034 0.075 0.489 0.782 0.77 3.683 62 7.008 96.12 0.107 0
47500 9 15 5 1 0.034 0.075 0.489 0.782 0.77 2.038 55 6.732 102.547 0.22 0
47500 10 15 5 1 0.034 0.075 0.489 0.782 0.77 4.192 80 6.608 114.473 0.033 0
47500 1 15 5 1 0.017 0.335 0.155 0.937 0.697 0 0 0 0 1 1
47500 2 15 5 1 0.017 0.335 0.155 0.937 0.697 3.329 64 6.06 110.373 0.253 0
47500 3 15 5 1 0.017 0.335 0.155 0.937 0.697 3.527 56 8.181 109.567 0.093 0
47500 4 15 5 1 0.017 0.335 0.155 0.937 0.697 0 0 0 0 1 1
47500 5 15 5 1 0.017 0.335 0.155 0.937 0.697 0 0 0 0 1 1
47500 6 15 5 1 0.017 0.335 0.155 0.937 0.697 2.724 33 4.613 71.14 0.68 0
47500 7 15 5 1 0.017 0.335 0.155 0.937 0.697 0 0 0 0 1 1
47500 8 15 5 1 0.017 0.335 0.155 0.937 0.697 0 0 0 0 1 1
47500 9 15 5 1 0.017 0.335 0.155 0.937 0.697 2.187 41 5.964 86.3 0.307 0
47500 10 15 5 1 0.017 0.335 0.155 0.937 0.697 0 0 0 0 1 1
47500 1 15 5 1 0.043 0.113 0.077 0.944 0.147 249.073 8076 249.91 9208.973 0 0
47500 2 15 5 1 0.043 0.113 0.077 0.944 0.147 248.021 8032 249.878 8891.633 0 0
47500 3 15 5 1 0.043 0.113 0.077 0.944 0.147 248.849 7524 249.931 8660.02 0 0
47500 4 15 5 1 0.043 0.113 0.077 0.944 0.147 246.967 6241 249.615 7183.147 0 0
47500 5 15 5 1 0.043 0.113 0.077 0.944 0.147 248.161 6833 249.782 7875.48 0 0
47500 6 15 5 1 0.043 0.113 0.077 0.944 0.147 249.099 8201 249.904 9036.2 0 0
47500 7 15 5 1 0.043 0.113 0.077 0.944 0.147 249.553 9003 249.964 9884.86 0 0
47500 8 15 5 1 0.043 0.113 0.077 0.944 0.147 249.215 8389 249.948 9044.48 0 0
47500 9 15 5 1 0.043 0.113 0.077 0.944 0.147 249.521 9518 249.967 10071.32 0 0
47500 10 15 5 1 0.043 0.113 0.077 0.944 0.147 248.86 8032 249.94 9362.627 0 0
47500 1 15 5 1 0.024 0.401 0.295 0.913 0.333 19.847 159 25.282 256.993 0 0
47500 2 15 5 1 0.024 0.401 0.295 0.913 0.333 14.678 126 21.559 220.793 0 0
47500 3 15 5 1 0.024 0.401 0.295 0.913 0.333 9.108 128 17.387 220.76 0 0
47500 4 15 5 1 0.024 0.401 0.295 0.913 0.333 17.897 117 25.38 257.687 0 0
47500 5 15 5 1 0.024 0.401 0.295 0.913 0.333 12.719 124 19.167 214.32 0 0
47500 6 15 5 1 0.024 0.401 0.295 0.913 0.333 13.968 149 20.302 234.393 0 0
47500 7 15 5 1 0.024 0.401 0.295 0.913 0.333 10.265 145 18.615 238.793 0 0
47500 8 15 5 1 0.024 0.401 0.295 0.913 0.333 17.061 163 24.945 255.34 0 0
47500 9 15 5 1 0.024 0.401 0.295 0.913 0.333 10.722 96 18.294 198.68 0 0
47500 10 15 5 1 0.024 0.401 0.295 0.913 0.333 9.759 154 19.649 229.74 0 0
47500 1 15 5 1 0.1 0.283 0.444 0.815 0.397 0 3 1.976 27.493 0.993 0.247
47500 2 15 5 1 0.1 0.283 0.444 0.815 0.397 4.358 73 8.178 115.367 0.08 0
47500 3 15 5 1 0.1 0.283 0.444 0.815 0.397 2.826 55 5.816 100.827 0.3 0
47500 4 15 5 1 0.1 0.283 0.444 0.815 0.397 2.815 65 6.321 98.02 0.253 0
47500 5 15 5 1 0.1 0.283 0.444 0.815 0.397 0.199 5 2.884 46.593 0.76 0.127
47500 6 15 5 1 0.1 0.283 0.444 0.815 0.397 4.124 66 6.025 100.86 0.193 0
47500 7 15 5 1 0.1 0.283 0.444 0.815 0.397 0 0 0 0 1 1
47500 8 15 5 1 0.1 0.283 0.444 0.815 0.397 4.314 64 6.52 111.427 0.087 0
47500 9 15 5 1 0.1 0.283 0.444 0.815 0.397 3.809 38 6.188 87.693 0.2 0
47500 10 15 5 1 0.1 0.283 0.444 0.815 0.397 2.88 64 6.448 111.513 0.2 0
47500 1 15 5 1 0.048 0.481 0.13 0.912 0.196 248.957 7155 249.863 8102.64 0 0
47500 2 15 5 1 0.048 0.481 0.13 0.912 0.196 248.645 7444 249.847 7871.987 0 0
47500 3 15 5 1 0.048 0.481 0.13 0.912 0.196 248.912 7495 249.888 8147.493 0 0
47500 4 15 5 1 0.048 0.481 0.13 0.912 0.196 249.172 6849 249.862 7809.573 0 0
47500 5 15 5 1 0.048 0.481 0.13 0.912 0.196 248.912 6959 249.872 7879.067 0 0
47500 6 15 5 1 0.048 0.481 0.13 0.912 0.196 248.374 7745 249.862 8469.5 0 0
47500 7 15 5 1 0.048 0.481 0.13 0.912 0.196 248.919 6846 249.851 7987.553 0 0
47500 8 15 5 1 0.048 0.481 0.13 0.912 0.196 248.394 7413 249.874 8100.2 0 0
47500 9 15 5 1 0.048 0.481 0.13 0.912 0.196 248.827 7464 249.859 8139.84 0 0
47500 10 15 5 1 0.048 0.481 0.13 0.912 0.196 248.356 7178 249.856 7873.8 0 0
47500 1 15 5 1 0.052 0.334 0.427 0.913 0.669 2.881 56 6.798 95.907 0.12 0
47500 2 15 5 1 0.052 0.334 0.427 0.913 0.669 4.508 65 7.333 105.987 0.007 0
47500 3 15 5 1 0.052 0.334 0.427 0.913 0.669 3.834 52 7.47 90.893 0.107 0
47500 4 15 5 1 0.052 0.334 0.427 0.913 0.669 4.019 49 6.095 89.78 0.04 0
47500 5 15 5 1 0.052 0.334 0.427 0.913 0.669 3.026 62 6.63 99.607 0.267 0
47500 6 15 5 1 0.052 0.334 0.427 0.913 0.669 4.124 63 6.175 95.467 0.113 0
47500 7 15 5 1 0.052 0.334 0.427 0.913 0.669 4.163 54 6.7 101.547 0.033 0
47500 8 15 5 1 0.052 0.334 0.427 0.913 0.669 2.477 59 5.787 91.8 0.253 0
47500 9 15 5 1 0.052 0.334 0.427 0.913 0.669 3.847 48 7.281 88.74 0.08 0
47500 10 15 5 1 0.052 0.334 0.427 0.913 0.669 5.097 58 8.019 100.433 0 0
47500 1 15 9 1 0.01 0.245 0.368 0.754 0.176 53.497 257 61.548 458.433 0 0
47500 2 15 9 1 0.01 0.245 0.368 0.754 0.176 60.944 300 80.681 520.773 0 0
47500 3 15 9 1 0.01 0.245 0.368 0.754 0.176 81.384 286 91.523 504.973 0 0
47500 4 15 9 1 0.01 0.245 0.368 0.754 0.176 76.864 346 85.685 537.133 0 0
47500 5 15 9 1 0.01 0.245 0.368 0.754 0.176 59.483 270 79.476 449.813 0 0
47500 6 15 9 1 0.01 0.245 0.368 0.754 0.176 40.313 280 50.668 412 0 0
47500 7 15 9 1 0.01 0.245 0.368 0.754 0.176 83.384 359 90.29 577.927 0 0
47500 8 15 9 1 0.01 0.245 0.368 0.754 0.176 67.894 322 76.322 475.313 0 0
47500 9 15 9 1 0.01 0.245 0.368 0.754 0.176 55.517 344 63.427 471.853 0 0
47500 10 15 9 1 0.01 0.245 0.368 0.754 0.176 66.346 318 74.477 476.9 0 0
47500 1 15 9 1 0.024 0.182 0.492 0.779 0.569 3.031 43 5.223 84.727 0.433 0
47500 2 15 9 1 0.024 0.182 0.492 0.779 0.569 0 0 0 0.373 1 1
47500 3 15 9 1 0.024 0.182 0.492 0.779 0.569 0 0 0 0 1 1
47500 4 15 9 1 0.024 0.182 0.492 0.779 0.569 4.187 33 6.674 82.173 0.147 0
47500 5 15 9 1 0.024 0.182 0.492 0.779 0.569 3.417 40 5.924 79.753 0.187 0
47500 6 15 9 1 0.024 0.182 0.492 0.779 0.569 0.746 18 4.046 57.093 0.613 0
47500 7 15 9 1 0.024 0.182 0.492 0.779 0.569 1.989 31 6.126 74.88 0.26 0
47500 8 15 9 1 0.024 0.182 0.492 0.779 0.569 3.222 22 5.17 76.68 0.46 0
47500 9 15 9 1 0.024 0.182 0.492 0.779 0.569 0 0 0 0 1 1
47500 10 15 9 1 0.024 0.182 0.492 0.779 0.569 0 0 0 0 1 1
47500 1 15 9 1 0.052 0.386 0.059 0.783 0.135 249.696 13125 249.996 13751.747 0 0
47500 2 15 9 1 0.052 0.386 0.059 0.783 0.135 249.824 12566 249.997 13409.607 0 0
47500 3 15 9 1 0.052 0.386 0.059 0.783 0.135 249.653 12444 249.996 13204.42 0 0
47500 4 15 9 1 0.052 0.386 0.059 0.783 0.135 249.865 12871 249.998 13426.453 0 0
47500 5 15 9 1 0.052 0.386 0.059 0.783 0.135 249.696 12719 249.995 13657.147 0 0
47500 6 15 9 1 0.052 0.386 0.059 0.783 0.135 249.987 13484 250 14249.247 0 0
47500 7 15 9 1 0.052 0.386 0.059 0.783 0.135 249.947 13011 250 13992.24 0 0
47500 8 15 9 1 0.052 0.386 0.059 0.783 0.135 249.865 12452 249.999 13757.267 0 0
47500 9 15 9 1 0.052 0.386 0.059 0.783 0.135 249.865 11492 249.998 12613.127 0 0
47500 10 15 9 1 0.052 0.386 0.059 0.783 0.135 249.739 12592 249.998 13537.013 0 0
47500 1 15 9 1 0.12 0.27 0.192 0.772 0.232 182.048 716 201.052 1041.48 0 0
47500 2 15 9 1 0.12 0.27 0.192 0.772 0.232 202.417 882 212.584 1175.72 0 0
47500 3 15 9 1 0.12 0.27 0.192 0.772 0.232 215.811 946 221.007 1266.8 0 0
47500 4 15 9 1 0.12 0.27 0.192 0.772 0.232 217.779 904 221.516 1140.5 0 0
47500 5 15 9 1 0.12 0.27 0.192 0.772 0.232 211.461 927 218.06 1249.72 0 0
47500 6 15 9 1 0.12 0.27 0.192 0.772 0.232 183.349 896 197.559 1183.687 0 0
47500 7 15 9 1 0.12 0.27 0.192 0.772 0.232 204.866 778 213.749 1182.927 0 0
47500 8 15 9 1 0.12 0.27 0.192 0.772 0.232 205.238 848 221.041 1277.773 0 0
47500 9 15 9 1 0.12 0.27 0.192 0.772 0.232 223.327 1081 229.65 1359.48 0 0
47500 10 15 9 1 0.12 0.27 0.192 0.772 0.232 213.745 944 218.631 1305.613 0 0
47500 1 15 6 1 0.114 0.468 0.048 0.898 0.032 250 20619 250 21497.687 0 0
47500 2 15 6 1 0.114 0.468 0.048 0.898 0.032 250 19678 250 20365.68 0 0
47500 3 15 6 1 0.114 0.468 0.048 0.898 0.032 250 19508 250 20085.08 0 0
47500 4 15 6 1 0.114 0.468 0.048 0.898 0.032 250 21532 250 22320.62 0 0
47500 5 15 6 1 0.114 0.468 0.048 0.898 0.032 250 19702 250 20497.487 0 0
47500 6 15 6 1 0.114 0.468 0.048 0.898 0.032 250 21774 250 22894.7 0 0
47500 7 15 6 1 0.114 0.468 0.048 0.898 0.032 250 20857 250 21748.06 0 0
47500 8 15 6 1 0.114 0.468 0.048 0.898 0.032 250 17404 250 18148.447 0 0
47500 9 15 6 1 0.114 0.468 0.048 0.898 0.032 250 20252 250 21473.06 0 0
47500 10 15 6 1 0.114 0.468 0.048 0.898 0.032 250 20236 250 20880.913 0 0
47500 1 15 6 1 0.019 0.413 0.157 0.813 0.976 3.129 45 9.311 95.16 0.073 0
47500 2 15 6 1 0.019 0.413 0.157 0.813 0.976 4.364 54 8.24 96.407 0.02 0
47500 3 15 6 1 0.019 0.413 0.157 0.813 0.976 0 0 0 0 1 1
47500 4 15 6 1 0.019 0.413 0.157 0.813 0.976 4.374 69 6.609 101.16 0.047 0
47500 5 15 6 1 0.019 0.413 0.157 0.813 0.976 0.547 15 3.512 67.487 0.6 0
47500 6 15 6 1 0.019 0.413 0.157 0.813 0.976 3.172 48 5.516 84.667 0.407 0
47500 7 15 6 1 0.019 0.413 0.157 0.813 0.976 4.485 59 6.996 92.033 0.013 0
47500 8 15 6 1 0.019 0.413 0.157 0.813 0.976 1.531 27 4.702 69.167 0.613 0
47500 9 15 6 1 0.019 0.413 0.157 0.813 0.976 4.515 52 7.216 96.033 0.013 0
47500 10 15 6 1 0.019 0.413 0.157 0.813 0.976 0 0 0 0 1 1
47500 1 15 6 1 0.096 0.031 0.132 0.78 0.03 243.073 2471 247.512 2900.287 0 0
47500 2 15 6 1 0.096 0.031 0.132 0.78 0.03 245.805 3927 249.029 4754.2 0 0
47500 3 15 6 1 0.096 0.031 0.132 0.78 0.03 245.229 3691 248.563 4133.72 0 0
47500 4 15 6 1 0.096 0.031 0.132 0.78 0.03 246.032 3436 248.887 4237.987 0 0
47500 5 15 6 1 0.096 0.031 0.132 0.78 0.03 242.627 2984 247.598 3499.193 0 0
47500 6 15 6 1 0.096 0.031 0.132 0.78 0.03 246.181 3362 248.477 4704.193 0 0
47500 7 15 6 1 0.096 0.031 0.132 0.78 0.03 247.13 4431 249.267 5490.267 0 0
47500 8 15 6 1 0.096 0.031 0.132 0.78 0.03 244.845 4189 248.86 4638.1 0 0
47500 9 15 6 1 0.096 0.031 0.132 0.78 0.03 244.15 3637 248.499 4224.82 0 0
47500 10 15 6 1 0.096 0.031 0.132 0.78 0.03 245.551 3076 248.495 3576.353 0 0
47500 1 15 6 1 0.041 0.302 0.11 0.951 0.504 0 0 0 0.287 1 1
47500 2 15 6 1 0.041 0.302 0.11 0.951 0.504 0 0 0 0 1 1
47500 3 15 6 1 0.041 0.302 0.11 0.951 0.504 0 0 0 0 1 1
47500 4 15 6 1 0.041 0.302 0.11 0.951 0.504 0 0 0 0 1 1
47500 1 15 5 1 0.012 0.113 0.442 0.921 0.016 244.604 2600 247.465 3001.567 0 0
47500 2 15 5 1 0.012 0.113 0.442 0.921 0.016 244.388 2456 248.258 3086.673 0 0
47500 3 15 5 1 0.012 0.113 0.442 0.921 0.016 244.011 2537 247.937 3194.82 0 0
47500 4 15 5 1 0.012 0.113 0.442 0.921 0.016 244.805 2773 248.228 3323.48 0 0
47500 5 15 5 1 0.012 0.113 0.442 0.921 0.016 242.505 1975 246.624 2622.033 0 0
47500 6 15 5 1 0.012 0.113 0.442 0.921 0.016 243.029 2485 247.721 3090.84 0 0
47500 7 15 5 1 0.012 0.113 0.442 0.921 0.016 243.238 2427 248.194 2985.873 0 0
47500 8 15 5 1 0.012 0.113 0.442 0.921 0.016 244.259 2570 247.444 2961.36 0 0
47500 9 15 5 1 0.012 0.113 0.442 0.921 0.016 243.659 2363 247.741 3136.96 0 0
47500 10 15 5 1 0.012 0.113 0.442 0.921 0.016 243.444 2578 247.375 2970.733 0 0
47500 1 15 5 1 0.069 0.499 0.285 0.916 0.833 4.67 55 8.306 99.86 0.007 0
47500 2 15 5 1 0.069 0.499 0.285 0.916 0.833 4.189 50 7.459 90.76 0.1 0
47500 3 15 5 1 0.069 0.499 0.285 0.916 0.833 4.159 63 7.365 102.507 0.027 0
47500 4 15 5 1 0.069 0.499 0.285 0.916 0.833 5.125 57 7.746 98.607 0 0
47500 5 15 5 1 0.069 0.499 0.285 0.916 0.833 5.319 57 8.604 101.453 0 0
47500 6 15 5 1 0.069 0.499 0.285 0.916 0.833 4.067 71 6.745 104.26 0.047 0
47500 7 15 5 1 0.069 0.499 0.285 0.916 0.833 4.25 38 7.597 89.7 0.067 0
47500 8 15 5 1 0.069 0.499 0.285 0.916 0.833 2.974 39 5.894 83.84 0.553 0
47500 9 15 5 1 0.069 0.499 0.285 0.916 0.833 2.731 63 6.246 94.287 0.347 0
47500 10 15 5 1 0.069 0.499 0.285 0.916 0.833 3.576 69 6.74 102.9 0.12 0
47500 1 15 5 1 0.041 0.475 0.327 0.859 0.149 243.961 2795 247.969 3303.413 0 0
47500 2 15 5 1 0.041 0.475 0.327 0.859 0.149 243.793 2476 247.696 3074.12 0 0
47500 3 15 5 1 0.041 0.475 0.327 0.859 0.149 245.433 2809 248.475 3423.233 0 0
47500 4 15 5 1 0.041 0.475 0.327 0.859 0.149 244.282 2619 247.755 2969.153 0 0
47500 5 15 5 1 0.041 0.475 0.327 0.859 0.149 244.202 2488 247.836 3047.227 0 0
47500 6 15 5 1 0.041 0.475 0.327 0.859 0.149 243.121 2796 248.055 3388.327 0 0
47500 7 15 5 1 0.041 0.475 0.327 0.859 0.149 244.558 2685 248.259 3388.787 0 0
47500 8 15 5 1 0.041 0.475 0.327 0.859 0.149 243.287 2425 247.804 2966.833 0 0
47500 9 15 5 1 0.041 0.475 0.327 0.859 0.149 244.879 2954 248.183 3471.453 0 0
47500 10 15 5 1 0.041 0.475 0.327 0.859 0.149 244.749 2812 248.155 3442.153 0 0
47500 1 15 5 1 0.015 0.027 0.47 1 0.157 2.425 55 5.652 100.38 0.453 0
47500 2 15 5 1 0.015 0.027 0.47 1 0.157 3.477 66 6.558 97.6 0.153 0
47500 3 15 5 1 0.015 0.027 0.47 1 0.157 5.582 63 7.774 108.587 0 0
47500 4 15 5 1 0.015 0.027 0.47 1 0.157 4.611 60 7.436 97.087 0.02 0
47500 5 15 5 1 0.015 0.027 0.47 1 0.157 2.178 55 5.54 96.447 0.3 0
47500 6 15 5 1 0.015 0.027 0.47 1 0.157 3.22 59 6.098 96.793 0.193 0
47500 7 15 5 1 0.015 0.027 0.47 1 0.157 3.649 66 7.656 102.28 0.087 0
47500 8 15 5 1 0.015 0.027 0.47 1 0.157 2.866 61 5.899 103.727 0.34 0
47500 9 15 5 1 0.015 0.027 0.47 1 0.157 4.849 61 8.463 110.68 0.007 0
47500 10 15 5 1 0.015 0.027 0.47 1 0.157 3.263 63 7.148 104.133 0.147 0
47500 1 15 5 1 0.034 0.361 0.403 0.894 0.033 249.001 6661 249.842 7472.293 0 0
47500 2 15 5 1 0.034 0.361 0.403 0.894 0.033 248.534 7011 249.842 7647.933 0 0
47500 3 15 5 1 0.034 0.361 0.403 0.894 0.033 248.916 6426 249.842 7543.767 0 0
47500 4 15 5 1 0.034 0.361 0.403 0.894 0.033 248.034 6477 249.83 7536.073 0 0
47500 5 15 5 1 0.034 0.361 0.403 0.894 0.033 248.488 6877 249.854 7712.727 0 0
47500 1 15 6 1 0.114 0.309 0.112 0.96 0.866 1.89 29 5.169 69.06 0.487 0
47500 2 15 6 1 0.114 0.309 0.112 0.96 0.866 0 0 0.56 12.367 0.967 0.66
47500 3 15 6 1 0.114 0.309 0.112 0.96 0.866 3.971 46 6.883 79.28 0.167 0
47500 4 15 6 1 0.114 0.309 0.112 0.96 0.866 3.068 49 6.666 80.407 0.253 0
47500 5 15 6 1 0.114 0.309 0.112 0.96 0.866 0 0 0 0 1 1
47500 6 15 6 1 0.114 0.309 0.112 0.96 0.866 3.068 43 5.757 81.42 0.253 0
47500 7 15 6 1 0.114 0.309 0.112 0.96 0.866 3.625 47 5.946 86.933 0.113 0
47500 8 15 6 1 0.114 0.309 0.112 0.96 0.866 2.534 55 5.673 86.293 0.367 0
47500 9 15 6 1 0.114 0.309 0.112 0.96 0.866 1.741 32 4.581 70 0.6 0
47500 10 15 6 1 0.114 0.309 0.112 0.96 0.866 2.485 41 4.655 83.16 0.6 0
47500 1 15 6 1 0.006 0.249 0.115 0.924 0.198 244.417 2710 248.139 3158.68 0 0
47500 2 15 6 1 0.006 0.249 0.115 0.924 0.198 245.43 2360 248.009 2998.047 0 0
47500 3 15 6 1 0.006 0.249 0.115 0.924 0.198 243.318 1996 247.245 2719.12 0 0
47500 4 15 6 1 0.006 0.249 0.115 0.924 0.198 245.153 2549 248.317 3098.74 0 0
47500 5 15 6 1 0.006 0.249 0.115 0.924 0.198 244.189 2711 248.1 3325.287 0 0
47500 6 15 6 1 0.006 0.249 0.115 0.924 0.198 244.22 2326 247.556 2959.227 0 0
47500 7 15 6 1 0.006 0.249 0.115 0.924 0.198 242.247 2527 247.825 3153.58 0 0
47500 8 15 6 1 0.006 0.249 0.115 0.924 0.198 242.651 2271 247.213 2899.527 0 0
47500 9 15 6 1 0.006 0.249 0.115 0.924 0.198 243.183 2560 247.679 3125.113 0 0
47500 10 15 6 1 0.006 0.249 0.115 0.924 0.198 244.578 2502 247.856 3103.787 0 0
47500 1 15 6 1 0.031 0.279 0.326 0.885 0.779 4.947 46 7.519 93.753 0.007 0
47500 2 15 6 1 0.031 0.279 0.326 0.885 0.779 4.11 43 6.566 101.533 0.093 0
47500 3 15 6 1 0.031 0.279 0.326 0.885 0.779 3.259 56 5.479 97.693 0.26 0
47500 4 15 6 1 0.031 0.279 0.326 0.885 0.779 4.488 45 8.014 86.047 0.04 0
47500 5 15 6 1 0.031 0.279 0.326 0.885 0.779 5.243 53 7.32 101.6 0 0
47500 6 15 6 1 0.031 0.279 0.326 0.885 0.779 4.405 41 7.255 88.193 0.08 0
47500 7 15 6 1 0.031 0.279 0.326 0.885 0.779 2.384 46 6.596 94.1 0.24 0
47500 8 15 6 1 0.031 0.279 0.326 0.885 0.779 0 0 0 0 1 1
47500 9 15 6 1 0.031 0.279 0.326 0.885 0.779 3.614 56 6.068 97.08 0.173 0
47500 10 15 6 1 0.031 0.279 0.326 0.885 0.779 3.428 45 6.119 96.733 0.207 0
47500 1 15 6 1 0.008 0.361 0.105 0.989 0.656 4.912 81 8.911 125.593 0.007 0
47500 2 15 6 1 0.008 0.361 0.105 0.989 0.656 0 0 0 0 1 1
47500 3 15 6 1 0.008 0.361 0.105 0.989 0.656 0 0 0 0 1 1
47500 4 15 6 1 0.008 0.361 0.105 0.989 0.656 0 0 0 0 1 1
47500 5 15 6 1 0.008 0.361 0.105 0.989 0.656 4.004 64 7.161 104.54 0.06 0
47500 6 15 6 1 0.008 0.361 0.105 0.989 0.656 0 0 0 0 1 1
47500 7 15 6 1 0.008 0.361 0.105 0.989 0.656 5.834 78 8.659 129.68 0 0
47500 8 15 6 1 0.008 0.361 0.105 0.989 0.656 3.958 57 7 106.547 0.04 0
47500 9 15 6 1 0.008 0.361 0.105 0.989 0.656 0 0 0 0 1 1
47500 10 15 6 1 0.008 0.361 0.105 0.989 0.656 0 0 0 0 1 1
47500 1 15 6 1 0.007 0.065 0.3 0.865 0.453 3.526 48 7.119 102.173 0.113 0
47500 2 15 6 1 0.007 0.065 0.3 0.865 0.453 0 0 0 0 1 1
47500 3 15 6 1 0.007 0.065 0.3 0.865 0.453 1.691 40 4.998 86.86 0.633 0
47500 4 15 6 1 0.007 0.065 0.3 0.865 0.453 4.508 63 6.925 105.9 0.047 0
47500 5 15 6 1 0.007 0.065 0.3 0.865 0.453 4.262 50 7.077 88.527 0.06 0
47500 6 15 6 1 0.007 0.065 0.3 0.865 0.453 5.016 51 7.985 96.687 0 0
47500 7 15 6 1 0.007 0.065 0.3 0.865 0.453 2.32 46 5.167 89.553 0.453 0
47500 8 15 6 1 0.007 0.065 0.3 0.865 0.453 0 0 0 0 1 1
47500 9 15 6 1 0.007 0.065 0.3 0.865 0.453 4.321 68 6.264 96.227 0.093 0
47500 10 15 6 1 0.007 0.065 0.3 0.865 0.453 3.912 52 6.505 84.3 0.12 0
47500 1 15 6 1 0.103 0.101 0.43 0.841 0.628 4.892 49 7.481 97 0.007 0
47500 2 15 6 1 0.103 0.101 0.43 0.841 0.628 4.254 60 7.547 97.253 0.113 0
47500 3 15 6 1 0.103 0.101 0.43 0.841 0.628 3.273 47 6.806 90.867 0.14 0
47500 4 15 6 1 0.103 0.101 0.43 0.841 0.628 3.77 56 6.734 95.227 0.193 0
47500 5 15 6 1 0.103 0.101 0.43 0.841 0.628 4.07 40 6.033 88.84 0.147 0
47500 6 15 6 1 0.103 0.101 0.43 0.841 0.628 0 0 0 0 1 1
47500 7 15 6 1 0.103 0.101 0.43 0.841 0.628 0 0 0 0 1 1
47500 8 15 6 1 0.103 0.101 0.43 0.841 0.628 3.645 44 7.043 90.613 0.133 0
47500 9 15 6 1 0.103 0.101 0.43 0.841 0.628 5.535 64 8.076 106.46 0 0
47500 10 15 6 1 0.103 0.101 0.43 0.841 0.628 2.585 56 5.423 89.52 0.353 0
47500 1 15 6 1 0.117 0.309 0.409 0.909 0.466 3.43 61 6.507 90.953 0.14 0
47500 2 15 6 1 0.117 0.309 0.409 0.909 0.466 0 0 0 0 1 1
47500 3 15 6 1 0.117 0.309 0.409 0.909 0.466 0 0 0 0 1 1
47500 4 15 6 1 0.117 0.309 0.409 0.909 0.466 0 0 0 0 1 1
47500 5 15 6 1 0.117 0.309 0.409 0.909 0.466 0 0 0 0 1 1
